GMX
Date,Open,High,Low,Close,Adj Close,Volume
2021-09-22,11.347026,12.683001,11.347026,12.626458,12.626458,0
2021-09-23,12.634092,15.773045,12.552281,15.032594,15.032594,15046
2021-09-24,15.034281,15.146470,12.142550,12.662006,12.662006,1909
2021-09-25,12.666321,14.147625,12.472238,13.649994,13.649994,2793
2021-09-26,13.647402,19.336641,13.274203,16.894722,16.894722,9012
2021-09-27,16.884951,19.978510,16.707333,17.641582,17.641582,2570
2021-09-28,17.640503,17.685022,14.699702,14.859328,14.859328,1835
2021-09-29,14.840435,15.986024,14.832658,15.285110,15.285110,609
2021-09-30,15.267811,17.175554,14.755526,15.767675,15.767675,4170
2021-10-01,15.767855,18.062876,15.759940,17.186384,17.186384,1312
2021-10-02,17.187622,17.937197,16.044495,16.607967,16.607967,5270
2021-10-03,16.583792,20.056194,16.432228,19.288170,19.288170,10362
2021-10-04,19.296747,26.205555,17.905451,20.175730,20.175730,10908
2021-10-05,20.180738,28.967999,20.061468,26.292551,26.292551,41088
2021-10-06,26.248207,28.022987,22.974562,25.304951,25.304951,8283
2021-10-07,25.320185,26.253481,22.232866,24.880571,24.880571,4944
2021-10-08,24.850130,24.970568,23.025614,24.691359,24.691359,0
2021-10-09,24.683134,24.696163,21.639612,24.644951,24.644951,7785
2021-10-10,24.617008,26.078243,23.217854,24.182716,24.182716,8090
2021-10-11,24.160526,24.639784,21.469248,22.979231,22.979231,6139
2021-10-12,22.964264,25.494425,21.103954,23.091789,23.091789,5652
2021-10-13,23.100727,23.353525,19.106974,23.312717,23.312717,4069
2021-10-14,23.327936,24.999559,20.772472,23.754984,23.754984,11359
2021-10-15,23.726637,24.275753,21.115202,22.094477,22.094477,3109
2021-10-16,22.124779,22.814703,21.739340,22.515215,22.515215,1477
2021-10-17,22.514645,23.378944,18.222147,22.170492,22.170492,13848
2021-10-18,22.191025,23.426952,21.930799,22.238646,22.238646,4269
2021-10-19,22.240290,24.668337,22.167940,24.567167,24.567167,2280
2021-10-20,24.452864,25.029989,23.286152,24.648165,24.648165,5995
2021-10-21,24.605570,26.114573,24.110704,24.609577,24.609577,6913
2021-10-22,24.583431,33.472164,24.570797,33.362293,33.362293,41793
2021-10-23,33.386070,35.555962,29.000256,35.166031,35.166031,30787
2021-10-24,35.199390,36.062347,31.099899,31.887672,31.887672,6609
2021-10-25,31.838369,37.287861,31.627581,35.296719,35.296719,23902
2021-10-26,35.365475,36.026733,30.312084,34.480942,34.480942,5332
2021-10-27,34.463451,35.001247,28.780586,31.479160,31.479160,10093
2021-10-28,31.522274,41.122864,29.908028,35.935299,35.935299,9791
2021-10-29,35.973415,39.297821,35.694077,38.574207,38.574207,5452
2021-10-30,38.604053,40.050034,34.132248,34.905769,34.905769,5667
2021-10-31,35.038101,38.994057,33.286346,37.257652,37.257652,3476
2021-11-01,37.265732,37.591228,32.071461,37.015106,37.015106,5658
2021-11-02,37.051044,38.382130,32.629299,33.455215,33.455215,7206
2021-11-03,33.471668,38.057873,33.244965,36.432438,36.432438,1455
2021-11-04,36.400612,38.574234,31.600367,37.915787,37.915787,2188
2021-11-05,37.864834,38.223595,34.813644,38.006805,38.006805,5478
2021-11-06,38.041542,38.264637,32.696995,33.778297,33.778297,457
2021-11-07,33.808376,39.462227,33.654297,34.297207,34.297207,1133
2021-11-08,34.260269,36.866699,33.581276,36.644936,36.644936,122
2021-11-09,36.705112,36.784466,33.069363,33.303085,33.303085,286
2021-11-10,33.299622,33.413280,26.377941,30.604731,30.604731,1957
2021-11-11,30.626780,34.629192,27.069412,34.519993,34.519993,1950
2021-11-12,34.550667,34.848705,26.942436,29.542423,29.542423,2524
2021-11-13,29.536377,33.455742,29.534889,32.646835,32.646835,8262
2021-11-14,32.740604,33.286430,28.828428,31.565903,31.565903,535
2021-11-15,31.539581,32.299995,28.030485,28.105022,28.105022,317
2021-11-16,28.085241,217.315353,0.000000,27.725294,27.725294,1708
2021-11-17,27.718229,48.360470,0.000000,25.580919,25.580919,220
2021-11-18,25.592426,28.218166,25.456617,26.431084,26.431084,280
2021-11-19,26.440212,36.716351,26.435604,36.696449,36.696449,5461
2021-11-20,36.691158,47.004745,34.107288,42.849560,42.849560,79113
2021-11-21,42.837414,46.762791,34.693699,37.454041,37.454041,19920
2021-11-22,37.440540,41.236660,33.907768,40.414825,40.414825,29950
2021-11-23,40.414261,41.122498,34.156971,37.261497,37.261497,9467
2021-11-24,37.278355,40.322399,36.325108,36.651024,36.651024,9307
2021-11-25,37.570080,42.124104,35.160034,37.885841,37.885841,5782
2021-11-26,41.930332,42.091244,33.479744,35.172810,35.172810,4683
2021-11-27,35.133652,38.402782,33.325081,34.705074,34.705074,8168
2021-11-28,34.730618,34.814232,30.579659,32.506275,32.506275,294
2021-11-29,32.502865,37.672543,32.497658,35.579121,35.579121,509
2021-11-30,35.580647,35.856216,24.888306,34.061668,34.061668,10755
2021-12-01,34.047249,34.751545,31.105219,33.102695,33.102695,8740
2021-12-02,33.103436,33.130753,30.414286,30.414522,30.414522,2095
2021-12-03,30.401642,34.294640,28.159582,28.485897,28.485897,721
2021-12-04,28.483887,28.504847,26.047558,28.420258,28.420258,4331
2021-12-05,28.410761,31.166950,28.270296,28.688620,28.688620,5491
2021-12-06,28.700224,28.778494,25.484426,27.195168,27.195168,2703
2021-12-07,27.219421,28.419491,25.984571,27.395636,27.395636,3105
2021-12-08,27.396662,28.961309,26.209726,27.314898,27.314898,2456
2021-12-09,27.323183,27.438862,23.936920,24.148031,24.148031,2715
2021-12-10,24.133530,24.961796,21.939697,22.120708,22.120708,1034
2021-12-11,22.111525,24.296566,21.707376,24.296566,24.296566,42835
2021-12-12,24.293352,24.295053,22.409994,23.194073,23.194073,1986
2021-12-13,23.199003,23.221403,19.474592,21.169802,21.169802,314
2021-12-14,21.163509,22.187357,20.826864,21.234638,21.234638,1283
2021-12-15,21.238119,23.906712,21.227278,23.864878,23.864878,1748
2021-12-16,23.862879,27.871000,23.829914,27.338184,27.338184,646
2021-12-17,27.336132,27.356613,23.577780,24.358952,24.358952,1154
2021-12-18,24.362232,24.838680,23.947016,24.801979,24.801979,0
2021-12-19,24.801502,25.051809,22.911297,23.024979,23.024979,155
2021-12-20,23.022247,24.560028,22.172594,24.520842,24.520842,160
2021-12-21,24.515635,25.135998,24.511028,25.071571,25.071571,0
2021-12-22,25.057352,25.333990,22.983009,24.592825,24.592825,357
2021-12-23,24.600630,26.339615,24.283232,26.339615,26.339615,574
2021-12-24,26.330498,26.426693,22.544477,22.544477,22.544477,2547
2021-12-25,22.564524,22.805540,21.320625,21.851952,21.851952,102
2021-12-26,21.771154,24.206272,21.360168,24.104437,24.104437,272
2021-12-27,24.107265,25.054300,23.261463,24.741625,24.741625,1240
2021-12-28,24.741228,24.749233,21.629408,21.679670,21.679670,150
2021-12-29,21.680159,22.505865,20.849335,21.754326,21.754326,1086
2021-12-30,21.737394,22.359213,21.432089,21.568911,21.568911,1747
2021-12-31,21.574175,23.818430,21.472874,21.955982,21.955982,532
2022-01-01,21.955982,22.589005,20.708689,22.058794,22.058794,1008
2022-01-02,22.058794,33.105045,21.869066,30.384512,30.384512,7505
2022-01-03,30.384512,33.863731,27.129095,29.992718,29.992718,1946
2022-01-04,29.992718,35.810238,29.613457,34.822174,34.822174,4601
2022-01-05,34.822174,38.375687,27.732042,35.799091,35.799091,3342
2022-01-06,35.799091,36.018475,28.984730,31.349581,31.349581,877
2022-01-07,31.349581,31.753910,26.841436,30.037506,30.037506,1098
2022-01-08,30.037506,35.034000,30.037506,33.653664,33.653664,3131
2022-01-09,33.653664,37.460827,33.386921,36.890312,36.890312,317
2022-01-10,36.890312,40.706264,31.177881,38.553539,38.553539,5105
2022-01-11,38.553539,41.492928,36.672218,39.563282,39.563282,4245157
2022-01-12,39.563282,44.203918,35.130890,43.128326,43.128326,5944943
2022-01-13,43.128326,44.522099,39.887447,39.904602,39.904602,4486564
2022-01-14,39.904602,44.433281,39.528683,43.670994,43.670994,2806097
2022-01-15,43.670994,52.198090,42.864185,51.691158,51.691158,6784158
2022-01-16,51.691158,62.788223,50.485985,56.686123,56.686123,10495980
2022-01-17,56.685814,57.233768,45.510181,50.116337,50.116337,8405388
2022-01-18,50.116337,51.647446,45.590790,48.960522,48.960522,4736949
2022-01-19,48.960522,58.842171,48.960522,57.278027,57.278027,5866912
2022-01-20,57.278027,61.349232,48.718655,49.037445,49.037445,6655185
2022-01-21,49.034748,49.553425,36.499779,38.935211,38.935211,15051732
2022-01-22,38.935211,41.714497,29.819996,35.118736,35.118736,9640701
2022-01-23,35.118736,40.765972,35.100796,40.524380,40.524380,5553173
2022-01-24,40.524380,45.479851,28.832588,43.412746,43.412746,16396909
2022-01-25,43.412746,45.100807,41.781811,44.825386,44.825386,6079962
2022-01-26,44.825386,48.151791,39.920036,41.701431,41.701431,5801948
2022-01-27,41.701431,42.077801,31.611834,36.997242,36.997242,12617884
2022-01-28,36.997200,40.667259,33.434887,40.664295,40.664295,9271232
2022-01-29,40.664127,44.014267,40.657642,42.741413,42.741413,7798458
2022-01-30,42.745369,42.774868,36.594528,38.215191,38.215191,9259199
2022-01-31,38.215286,40.787952,33.411209,40.147327,40.147327,10533280
2022-02-01,40.148125,43.267380,40.129784,43.140572,43.140572,7044733
2022-02-02,43.140633,43.153027,35.692863,37.594688,37.594688,7908308
2022-02-03,37.594696,37.958538,36.061138,37.146160,37.146160,7303512
2022-02-04,37.146210,44.259636,37.146210,44.216484,44.216484,7052817
2022-02-05,44.216534,45.964832,44.216534,45.928726,45.928726,7199542
2022-02-06,45.928349,45.961548,35.701401,40.183952,40.183952,17443553
2022-02-07,40.183846,44.434029,35.610481,42.094727,42.094727,17358004
2022-02-08,42.094688,43.073921,41.467361,42.856331,42.856331,8187787
2022-02-09,42.855717,47.627052,42.178467,44.349060,44.349060,8497285
2022-02-10,44.348469,45.480896,42.703037,42.709023,42.709023,5052390
2022-02-11,42.709190,42.709190,34.516312,35.692917,35.692917,6670658
2022-02-12,35.692829,37.747101,34.400440,34.400768,34.400768,4401980
2022-02-13,34.400848,36.679127,33.789303,34.123409,34.123409,3676360
2022-02-14,34.123016,36.135128,30.830780,33.850147,33.850147,6103432
2022-02-15,33.850182,38.534115,33.836891,38.533356,38.533356,3853145
2022-02-16,38.533878,38.608582,36.297855,37.144714,37.144714,3108021
2022-02-17,37.144913,37.187752,33.982826,34.132343,34.132343,3186009
2022-02-18,34.131992,34.131992,32.522644,32.529613,32.529613,1980945
2022-02-19,32.529205,32.554131,31.505827,31.512487,31.512487,1468510
2022-02-20,31.512772,31.517939,25.991837,28.532518,28.532518,4345164
2022-02-21,28.532343,30.431746,27.274357,27.275049,27.275049,2536673
2022-02-22,27.273886,27.477722,25.517258,26.941931,26.941931,3817585
2022-02-23,26.942141,29.966385,26.733677,26.733744,26.733744,2624371
2022-02-24,26.735928,27.648149,20.684332,25.438656,25.438656,9797051
2022-02-25,25.438662,29.574636,25.208555,29.121454,29.121454,3343371
2022-02-26,29.121723,30.104277,27.776905,28.114759,28.114759,1491879
2022-02-27,28.114754,28.459435,25.356424,25.554085,25.554085,1727571
2022-02-28,25.554174,29.305027,24.935595,29.299213,29.299213,2535433
2022-03-01,29.299236,35.130131,29.036345,32.617046,32.617046,5916966
2022-03-02,32.617050,33.611164,30.964430,31.870136,31.870136,3490559
2022-03-03,31.870144,32.201786,29.117868,29.919163,29.919163,2988429
2022-03-04,29.919159,29.919159,25.829338,26.346973,26.346973,4699757
2022-03-05,26.346973,28.146414,26.044653,27.041250,27.041250,3085473
2022-03-06,27.041245,27.113926,23.951517,23.995836,23.995836,2679736
2022-03-07,23.995852,24.858843,21.909897,22.416819,22.416819,2519178
2022-03-08,22.416758,25.020489,22.330954,24.266479,24.266479,1802343
2022-03-09,24.266483,26.399830,24.109533,25.300831,25.300831,3815636
2022-03-10,25.300829,25.343571,23.826511,24.486662,24.486662,2163161
2022-03-11,24.486660,25.819416,23.648575,23.988876,23.988876,2347516
2022-03-12,23.988876,24.493696,23.011652,23.307491,23.307491,1688941
2022-03-13,23.307501,23.874828,22.908401,22.987448,22.987448,1126076
2022-03-14,22.987347,22.987347,20.578684,21.425655,21.425655,5552764
2022-03-15,21.425659,22.100773,20.703438,21.898827,21.898827,2209012
2022-03-16,21.898830,23.542372,21.683435,23.315805,23.315805,3297876
2022-03-17,23.315796,25.874266,23.254375,25.128487,25.128487,3877763
2022-03-18,25.128517,30.196428,24.538887,29.387154,29.387154,3988609
2022-03-19,29.387154,30.652615,28.080996,30.242516,30.242516,3872931
2022-03-20,30.242512,30.276888,27.539248,27.968710,27.968710,2438524
2022-03-21,27.968710,29.586885,27.357023,29.260553,29.260553,2853583
2022-03-22,29.260551,30.862633,28.664839,28.737612,28.737612,2356346
2022-03-23,28.737612,28.737612,27.231441,28.676737,28.676737,1945240
2022-03-24,28.676737,28.923889,25.448095,28.238277,28.238277,5029470
2022-03-25,28.238277,29.058264,27.915667,28.868647,28.868647,3488078
2022-03-26,28.868649,29.044058,28.273642,28.667704,28.667704,1337086
2022-03-27,28.667713,30.061697,28.288153,30.061682,30.061682,2463205
2022-03-28,30.061666,30.241236,27.407827,28.689463,28.689463,5483298
2022-03-29,28.689459,31.142323,26.100748,30.623201,30.623201,9133511
2022-03-30,30.623199,34.637791,29.557241,33.981361,33.981361,8028283
2022-03-31,33.981365,41.496635,32.349792,39.666977,39.666977,20135139
2022-04-01,39.666977,47.279461,38.263275,42.715015,42.715015,21366235
2022-04-02,42.715015,43.725353,38.949497,38.967964,38.967964,8187713
2022-04-03,38.967968,40.631725,38.840157,39.318668,39.318668,5301923
2022-04-04,39.318661,42.115646,37.456879,41.661697,41.661697,8334519
2022-04-05,41.661694,44.084080,41.005604,41.005615,41.005615,6287155
2022-04-06,41.005623,41.005623,37.292400,37.497223,37.497223,5305264
2022-04-07,37.497234,38.630058,33.804585,36.719547,36.719547,6693005
2022-04-08,36.719551,41.897293,33.230888,33.822460,33.822460,9199388
2022-04-09,33.822460,37.755226,33.431969,37.727791,37.727791,3289383
2022-04-10,37.727806,37.941475,33.394131,33.782963,33.782963,3762004
2022-04-11,33.782898,34.094276,25.952448,28.160044,28.160044,12269555
2022-04-12,28.160065,31.813730,27.941746,31.158716,31.158716,8643353
2022-04-13,31.158716,39.288887,31.144020,38.682819,38.682819,9313452
2022-04-14,38.682819,38.861683,34.379757,35.331314,35.331314,5230304
2022-04-15,35.331318,35.955322,34.196068,35.935112,35.935112,3565329
2022-04-16,35.935127,36.708252,35.453213,36.335217,36.335217,2592155
2022-04-17,36.335220,36.608246,34.379665,34.379753,34.379753,2415997
2022-04-18,34.379681,37.700150,32.984135,37.681549,37.681549,3401876
2022-04-19,37.681557,39.318401,37.106323,39.018265,39.018265,5090966
2022-04-20,39.018265,39.319141,35.418884,36.550522,36.550522,7029067
2022-04-21,36.550522,38.280071,34.024979,34.978546,34.978546,3572185
2022-04-22,34.978535,35.669689,33.378159,33.695866,33.695866,3513428
2022-04-23,33.695858,33.962101,29.852278,31.874582,31.874582,7156639
2022-04-24,31.874582,32.610626,29.793154,31.274128,31.274128,3503388
2022-04-25,31.274130,33.617630,28.284105,33.087372,33.087372,5569425
2022-04-26,33.087372,33.464916,28.773085,29.151302,29.151302,2569103
2022-04-27,29.151299,30.869164,28.757137,29.558252,29.558252,4009117
2022-04-28,29.558250,30.348316,28.750275,29.483309,29.483309,2755569
2022-04-29,29.483299,29.532578,27.662266,28.264305,28.264305,1768218
2022-04-30,28.264423,28.442471,25.158508,25.452957,25.452957,2041094
2022-05-01,25.452961,27.275034,25.268576,27.124813,27.124813,1650929
2022-05-02,27.124813,28.067101,25.399227,27.989302,27.989302,3310444
2022-05-03,27.989304,28.406479,26.746754,27.564571,27.564571,1951237
2022-05-04,27.564571,33.152409,27.533312,32.682270,32.682270,3641709
2022-05-05,32.682270,33.004551,27.738174,30.171049,30.171049,7626053
2022-05-06,30.171051,31.431175,29.485985,30.454967,30.454967,4859538
2022-05-07,30.454977,30.474199,27.374874,27.922365,27.922365,4009623
2022-05-08,27.922348,28.271025,27.040064,27.572676,27.572676,4225670
2022-05-09,27.572687,27.865147,24.310768,25.358257,25.358257,7349492
2022-05-10,25.358458,29.870607,24.779205,27.751587,27.751587,6421073
2022-05-11,27.751657,28.392330,21.287975,21.287975,21.287975,10963680
2022-05-12,21.287970,22.616627,14.717848,21.957882,21.957882,17931485
2022-05-13,21.957909,23.720625,20.867708,20.917393,20.917393,6196049
2022-05-14,20.917389,21.597494,19.578384,21.396061,21.396061,3068989
2022-05-15,21.396029,22.689241,20.605633,21.606672,21.606672,4972491
2022-05-16,21.606672,21.659101,19.722172,20.326672,20.326672,2880511
2022-05-17,20.326672,21.461210,20.263399,21.295616,21.295616,3226774
2022-05-18,21.295618,21.410189,18.780289,18.834572,18.834572,2029064
2022-05-19,18.834604,19.219042,17.488565,18.580589,18.580589,4605814
2022-05-20,18.580603,19.399908,17.788387,18.161919,18.161919,2790687
2022-05-21,18.161917,18.829073,18.063999,18.824053,18.824053,1839548
2022-05-22,18.824076,20.463919,18.705919,20.428728,20.428728,2900831
2022-05-23,20.428749,21.626659,19.857153,20.040899,20.040899,2944366
2022-05-24,20.040895,20.153629,19.255774,19.627644,19.627644,1100004
2022-05-25,19.627645,21.628937,19.474363,21.370695,21.370695,2695587
2022-05-26,21.370695,21.553856,18.725222,19.539255,19.539255,2229001
2022-05-27,19.539242,19.539242,17.728697,17.963890,17.963890,2535941
2022-05-28,18.265659,19.005901,17.927246,18.960056,18.960056,1223189
2022-05-29,18.960060,19.666504,18.559549,19.477182,19.477182,1235978
2022-05-30,19.477167,22.817549,19.477167,22.102051,22.102051,3583000
2022-05-31,22.102053,22.142895,20.169544,20.415277,20.415277,1745031
2022-06-01,20.415277,20.767487,18.198647,18.741850,18.741850,2054578
2022-06-02,18.741856,20.908615,18.393368,20.821960,20.821960,2196658
2022-06-03,20.821966,21.552874,19.844324,21.239651,21.239651,2340173
2022-06-04,21.239651,22.020117,20.730761,22.002577,22.002577,1348605
2022-06-05,22.002581,22.267517,21.527981,21.540592,21.540592,1304400
2022-06-06,21.540627,23.188808,21.540627,22.828650,22.828650,1981136
2022-06-07,22.828650,22.846325,18.798422,20.711613,20.711613,3581560
2022-06-08,20.710629,20.908161,19.586231,19.792933,19.792933,1770189
2022-06-09,19.792816,20.062717,18.774279,19.209084,19.209084,2113743
2022-06-10,19.208969,19.397823,17.483486,18.001022,18.001022,2333312
2022-06-11,18.000790,18.273617,14.836491,15.498325,15.498325,3428987
2022-06-12,15.498642,17.327995,14.705502,15.611066,15.611066,3303769
2022-06-13,15.611037,15.665761,12.673642,13.368682,13.368682,4077099
2022-06-14,13.368645,15.319840,12.148347,14.656177,14.656177,2456250
2022-06-15,14.656109,15.423540,11.486923,15.389486,15.389486,4618950
2022-06-16,15.389486,15.575262,13.007320,13.261498,13.261498,1892367
2022-06-17,13.261316,15.708397,12.990983,15.674309,15.674309,2023945
2022-06-18,15.674737,16.077854,12.648076,14.779669,14.779669,2193661
2022-06-19,14.779678,17.036158,13.926971,16.920546,16.920546,1966040
2022-06-20,16.920713,18.481335,16.069845,17.474861,17.474861,2677067
2022-06-21,17.474476,18.365627,16.738869,17.077463,17.077463,2143623
2022-06-22,17.077482,17.626724,16.328533,16.363968,16.363968,1424550
2022-06-23,16.364367,18.295408,16.053379,17.513884,17.513884,3119068
2022-06-24,17.513880,19.958199,17.010746,19.784458,19.784458,2533002
2022-06-25,19.783945,19.904985,18.474436,19.712626,19.712626,1816579
2022-06-26,19.712709,20.152983,18.763565,18.763565,18.763565,1123658
2022-06-27,18.763983,19.568087,18.353798,18.684868,18.684868,1465939
2022-06-28,18.685202,20.351122,18.379257,18.852402,18.852402,2151216
2022-06-29,18.852182,19.143383,16.460106,16.693649,16.693649,2623748
2022-06-30,16.693480,16.821533,14.178153,15.583538,15.583538,2456523
2022-07-01,15.583611,16.181580,15.393380,15.928601,15.928601,1149441
2022-07-02,15.927868,16.218229,15.311578,16.114895,16.114895,931212
2022-07-03,16.115318,16.501104,16.112930,16.463749,16.463749,720618
2022-07-04,16.464357,17.491310,16.120995,17.429680,17.429680,1203682
2022-07-05,17.431078,18.074566,16.608244,17.879009,17.879009,11608927
2022-07-06,17.879007,19.581476,17.443233,19.438744,19.438744,5484789
2022-07-07,19.438761,22.530577,19.299831,21.612034,21.612034,3459079
2022-07-08,21.612034,23.056494,20.884930,22.513123,22.513123,3653206
2022-07-09,22.513117,27.360691,22.049713,26.460197,26.460197,5149996
2022-07-10,26.460196,27.175459,20.493357,25.304802,25.304802,5819748
2022-07-11,25.304802,25.518532,21.345604,22.051516,22.051516,4896272
2022-07-12,22.051516,26.384855,21.873325,23.925535,23.925535,4736709
2022-07-13,23.925619,30.281200,23.773485,29.751192,29.751192,9659853
2022-07-14,29.751352,29.959204,26.028788,28.822357,28.822357,7530380
2022-07-15,28.822483,31.416779,28.189180,30.158009,30.158009,5214202
2022-07-16,30.158100,33.517544,29.175133,33.227783,33.227783,2912352
2022-07-17,33.227783,33.762299,26.049870,28.441912,28.441912,8130571
2022-07-18,28.441912,31.506199,27.532972,31.487221,31.487221,9328100
2022-07-19,31.487038,32.040371,28.616379,28.643602,28.643602,6712744
2022-07-20,28.643618,30.121494,27.867468,28.405607,28.405607,2873021
2022-07-21,28.405607,30.215254,25.242397,28.901407,28.901407,3969519
2022-07-22,28.901400,30.287333,26.524784,27.137138,27.137138,1770458
2022-07-23,27.137165,28.241379,25.405071,27.162296,27.162296,2944421
2022-07-24,27.162355,29.009584,27.162355,27.775480,27.775480,1920811
2022-07-25,27.775564,28.000835,25.132969,25.255491,25.255491,1557382
2022-07-26,25.255678,25.255678,23.261179,25.097498,25.097498,1999087
2022-07-27,25.098579,29.470713,25.030378,29.361481,29.361481,3659406
2022-07-28,29.361561,32.358494,28.765785,31.248154,31.248154,4536277
2022-07-29,31.248152,34.612915,30.391275,34.027199,34.027199,4827293
2022-07-30,34.027264,39.034580,33.029972,36.282986,36.282986,8728070
2022-07-31,36.282986,42.569855,36.140610,40.198051,40.198051,10135012
2022-08-01,40.197933,42.500240,37.891891,39.407063,39.407063,7972290
2022-08-02,39.406929,44.698540,37.571201,39.231430,39.231430,10827266
2022-08-03,39.231441,44.919552,35.791916,40.825413,40.825413,7557436
2022-08-04,40.825329,43.278477,38.604473,39.693207,39.693207,5791380
2022-08-05,39.693161,45.111263,39.670204,43.785458,43.785458,4600941
2022-08-06,43.785702,45.087971,41.789173,41.929131,41.929131,4538321
2022-08-07,41.929119,44.122948,41.144543,43.222950,43.222950,3563565
2022-08-08,43.222893,47.730366,43.103134,43.757339,43.757339,6285870
2022-08-09,43.757252,44.636452,40.197029,40.309872,40.309872,6368769
2022-08-10,40.309879,45.917362,40.203449,45.911079,45.911079,7198056
2022-08-11,45.911652,46.802811,42.798580,42.994270,42.994270,7461140
2022-08-12,42.995438,43.960091,41.675663,43.848419,43.848419,5805056
2022-08-13,43.839943,44.868996,37.354523,39.159756,39.159756,9484291
2022-08-14,39.168774,40.763271,34.509129,35.654247,35.654247,4940245
2022-08-15,35.528305,39.349628,35.313324,37.717548,37.717548,5000735
2022-08-16,37.692375,38.244114,34.752544,34.992851,34.992851,4091771
2022-08-17,34.986134,35.592964,31.091125,33.585442,33.585442,6683228
2022-08-18,33.584785,35.512577,33.411678,34.272091,34.272091,4721444
2022-08-19,34.422394,34.422394,29.786592,31.945478,31.945478,10340791
2022-08-20,31.947285,34.067596,31.832933,32.338737,32.338737,3613818
2022-08-21,32.339954,36.193092,32.332211,35.906574,35.906574,2824103
2022-08-22,36.237793,40.896339,34.788048,40.598782,40.598782,5817551
2022-08-23,40.603172,42.572964,38.496506,42.344570,42.344570,5032610
2022-08-24,42.348068,42.378723,39.855293,39.855293,39.855293,3961988
2022-08-25,39.862148,41.652271,39.673389,41.158024,41.158024,3413509
2022-08-26,41.085644,41.474815,35.352451,35.581669,35.581669,6979873
2022-08-27,35.619473,38.861084,35.240349,38.580322,38.580322,4257798
2022-08-28,38.592510,42.722038,38.077698,39.340668,39.340668,7711432
2022-08-29,39.011642,44.649361,38.706532,44.637398,44.637398,5828160
2022-08-30,44.638111,46.400364,42.410385,44.699924,44.699924,8679191
2022-08-31,44.728279,50.280964,44.728279,50.066315,50.066315,7415991
2022-09-01,50.069172,50.701279,47.028561,49.668697,49.668697,4965026
2022-09-02,49.651161,51.574471,48.660088,49.720963,49.720963,3938467
2022-09-03,49.884407,52.022530,49.184586,51.827068,51.827068,4037507
2022-09-04,51.826431,56.707630,51.261368,56.693420,56.693420,6772601
2022-09-05,56.701805,56.872047,48.597321,48.954704,48.954704,9992106
2022-09-06,49.024250,51.548389,46.576401,46.576401,46.576401,5510984
2022-09-07,46.658115,49.075108,46.249142,49.045872,49.045872,4179322
2022-09-08,49.035912,52.434658,49.000759,52.153450,52.153450,1554615
2022-09-09,52.152470,53.963680,50.936859,51.207882,51.207882,1749812
2022-09-10,51.212860,53.055367,48.343445,50.619175,50.619175,2117136
2022-09-11,50.618935,51.109779,49.294319,50.495693,50.495693,3753328
2022-09-12,50.495411,50.501137,46.914200,47.254505,47.254505,5557513
2022-09-13,47.242069,47.343552,42.545063,43.710983,43.710983,3811877
2022-09-14,43.845627,46.910633,42.989468,45.410900,45.410900,3585921
2022-09-15,45.416290,46.608841,43.680103,43.851776,43.851776,4377224
2022-09-16,43.858532,45.040302,42.088657,43.750694,43.750694,3039541
2022-09-17,43.822365,45.838593,43.742638,45.819157,45.819157,1673150
2022-09-18,45.847992,47.919125,39.091713,39.474335,39.474335,8701193
2022-09-19,39.405655,44.795387,38.526550,44.391705,44.391705,4577641
2022-09-20,44.376209,44.575188,39.195965,39.436958,39.436958,4108664
2022-09-21,39.434303,43.202904,37.832645,39.032139,39.032139,4861473
2022-09-22,39.197681,42.010338,38.712566,40.857204,40.857204,4807606
2022-09-23,40.909504,41.597401,37.802814,39.678932,39.678932,6564175
2022-09-24,39.712704,40.886574,39.262745,39.549465,39.549465,5977772
2022-09-25,39.536930,40.704807,38.803905,39.691856,39.691856,3828601
2022-09-26,39.768055,40.777744,38.616173,40.600498,40.600498,4592997
2022-09-27,40.600552,43.920319,40.424858,41.064766,41.064766,5214308
2022-09-28,41.077534,42.249092,38.915298,41.675770,41.675770,4379378
2022-09-29,41.694988,42.047092,39.541660,40.328495,40.328495,4283369
2022-09-30,40.297062,41.154816,39.661087,39.959175,39.959175,3140926
2022-10-01,39.993111,40.294189,39.256115,39.371845,39.371845,2278376
2022-10-02,39.394184,39.521072,37.612232,37.732418,37.732418,2975164
2022-10-03,37.739197,39.133766,36.805771,39.000122,39.000122,5840745
2022-10-04,38.999249,41.736095,38.743099,40.906906,40.906906,6581177
2022-10-05,40.889256,62.194031,40.473648,50.373238,50.373238,214551217
2022-10-06,50.399040,51.726238,43.675407,44.111599,44.111599,65621350
2022-10-07,44.128757,45.230461,42.446239,43.222614,43.222614,25817650
2022-10-08,43.225231,47.345501,42.523216,44.392391,44.392391,46410355
2022-10-09,44.418522,48.417423,44.276001,45.220047,45.220047,38948655
2022-10-10,45.225723,46.295517,41.353951,41.401905,41.401905,20996210
2022-10-11,41.413467,41.429001,37.666027,38.355129,38.355129,23591259
2022-10-12,38.355392,40.177078,38.355392,38.629723,38.629723,10901209
2022-10-13,38.629658,38.685951,35.155659,38.556007,38.556007,17601197
2022-10-14,38.564545,40.794773,37.499664,37.891277,37.891277,15869081
2022-10-15,37.890381,38.535538,36.384857,36.424904,36.424904,6467662
2022-10-16,36.428722,38.150848,36.421860,37.978870,37.978870,5395612
2022-10-17,37.978794,39.110409,37.328442,38.515907,38.515907,11806532
2022-10-18,38.499165,38.519505,36.320053,37.120796,37.120796,6761126
2022-10-19,37.119728,37.122204,35.034515,35.034515,35.034515,8352257
2022-10-20,35.032688,35.302299,33.218971,33.319572,33.319572,5772823
2022-10-21,33.328476,36.502609,32.618912,35.339687,35.339687,11794223
2022-10-22,35.323654,35.667892,34.216209,34.777508,34.777508,6107228
2022-10-23,34.784775,37.141754,34.609177,37.133549,37.133549,6150735
2022-10-24,37.131695,37.141121,35.686131,35.925682,35.925682,5939937
2022-10-25,35.931808,38.706863,35.515537,37.604195,37.604195,8682126
2022-10-26,37.594395,42.322132,37.497906,42.164688,42.164688,30621118
2022-10-27,42.171074,43.212372,38.960217,39.130444,39.130444,19339430
2022-10-28,39.121399,43.128723,38.066147,42.394337,42.394337,18707737
2022-10-29,42.394165,45.169003,42.222527,43.487759,43.487759,20866704
2022-10-30,43.486057,43.531651,40.951218,41.487690,41.487690,16074310
2022-10-31,41.484924,42.914917,41.087582,42.678802,42.678802,19868904
2022-11-01,42.694363,43.449825,41.941433,42.002274,42.002274,14938342
2022-11-02,42.001492,42.770618,40.272266,40.466873,40.466873,23163052
2022-11-03,40.466835,41.273781,40.121483,40.178699,40.178699,32458427
2022-11-04,40.171902,43.311478,39.971096,43.149429,43.149429,16270129
2022-11-05,43.161888,43.442989,40.879902,41.039528,41.039528,11808173
2022-11-06,41.040558,41.294956,38.446602,38.451138,38.451138,8966972
2022-11-07,38.447281,39.494667,37.644840,38.445095,38.445095,16215751
2022-11-08,38.421204,39.543198,31.870785,35.310902,35.310902,31269836
2022-11-09,35.310181,36.368916,25.598818,26.516277,26.516277,29019761
2022-11-10,26.430317,36.087482,26.056673,34.830986,34.830986,24415723
2022-11-11,34.813061,35.162003,31.277784,35.026703,35.026703,19223314
2022-11-12,34.989174,40.318935,34.962132,36.836201,36.836201,36942804
2022-11-13,36.825485,47.152672,36.674294,38.645184,38.645184,70105875
2022-11-14,38.635872,42.643452,37.966030,42.194614,42.194614,43036359
2022-11-15,42.179283,45.515690,40.086407,42.701859,42.701859,34801248
2022-11-16,42.705051,43.237385,38.594006,40.812237,40.812237,22827932
2022-11-17,40.797142,41.146793,38.629890,39.618683,39.618683,11244489
2022-11-18,39.626904,40.834663,39.626904,40.523998,40.523998,9391328
2022-11-19,40.517059,43.223419,40.132469,42.835716,42.835716,14782145
2022-11-20,42.852016,47.849899,41.029980,41.061264,41.061264,32907069
2022-11-21,41.084095,43.779987,39.863632,40.772923,40.772923,27929306
2022-11-22,40.774837,41.491425,36.630150,40.686401,40.686401,29506474
2022-11-23,40.628086,42.710999,40.104961,42.597004,42.597004,18631528
2022-11-24,42.611416,46.357899,42.370300,45.988956,45.988956,24681857
2022-11-25,45.939281,46.054272,43.655743,46.054272,46.054272,17167085
2022-11-26,46.063374,47.994259,43.958149,44.315308,44.315308,20872292
2022-11-27,44.317970,45.351665,43.263779,43.263779,43.263779,11536296
2022-11-28,43.267769,43.288960,40.617039,40.808834,40.808834,16357555
2022-11-29,40.806595,42.526535,40.575729,41.552547,41.552547,17596321
2022-11-30,41.564880,49.290577,41.539436,49.247635,49.247635,34971338
2022-12-01,49.257263,53.117382,47.855400,50.144272,50.144272,36817801
2022-12-02,50.137497,56.465626,49.857838,55.563782,55.563782,46246441
2022-12-03,55.558647,58.242023,51.235153,51.546967,51.546967,26492821
2022-12-04,51.497452,54.899193,51.481377,53.346218,53.346218,15039832
2022-12-05,53.321510,55.557369,51.464512,51.528801,51.528801,20066829
2022-12-06,51.536236,52.209141,48.929832,50.244160,50.244160,17241943
2022-12-07,50.249184,55.196190,49.896450,52.155895,52.155895,41566786
2022-12-08,52.145199,54.863728,50.890846,54.018223,54.018223,20868575
2022-12-09,54.010204,54.355072,51.550533,51.941891,51.941891,16443253
2022-12-10,51.943478,54.581944,51.867661,53.794132,53.794132,12030203
2022-12-11,53.794518,58.271320,53.772491,55.468079,55.468079,27133911
2022-12-12,55.468266,58.996471,54.739059,58.717857,58.717857,33364795
2022-12-13,58.675812,60.061855,53.388676,53.536282,53.536282,55452684
2022-12-14,53.536533,54.802109,52.114742,52.777763,52.777763,29426702
2022-12-15,52.727379,52.902073,50.511555,50.773026,50.773026,12205137
2022-12-16,50.760948,51.868942,45.148636,46.309628,46.309628,21601212
2022-12-17,46.276566,48.804863,46.226967,48.008633,48.008633,16516549
2022-12-18,48.004848,48.278751,46.126072,46.283520,46.283520,9494310
2022-12-19,46.282715,46.691124,42.623215,43.705154,43.705154,15145912
2022-12-20,43.688927,47.274414,43.688927,46.580235,46.580235,11371750
2022-12-21,46.579418,47.518520,45.972992,47.178455,47.178455,8271519
2022-12-22,47.157604,47.375027,45.725662,46.158287,46.158287,8966135
2022-12-23,46.206642,46.407639,45.707436,46.188789,46.188789,4905191
2022-12-24,46.185978,46.813576,46.065704,46.536846,46.536846,4659648
2022-12-25,46.541336,46.711826,45.535343,46.007332,46.007332,4461499
2022-12-26,46.007790,46.400417,44.723873,45.128666,45.128666,6662222
2022-12-27,45.121178,45.394268,43.806465,44.066338,44.066338,7158891
2022-12-28,44.068680,44.162998,41.790188,41.827797,41.827797,9565154
2022-12-29,41.833553,42.769512,41.509502,42.729851,42.729851,6819268
2022-12-30,42.733490,43.008823,40.468285,41.010899,41.010899,8791695
2022-12-31,41.043255,42.191437,40.342022,41.568695,41.568695,8661707
2023-01-01,41.571281,41.840866,41.127991,41.399048,41.399048,5426266
2023-01-02,41.409077,42.359802,40.570927,41.564018,41.564018,10544066
2023-01-03,41.594440,42.400280,38.106071,39.972080,39.972080,24715954
2023-01-04,39.975403,41.870872,39.960758,41.384335,41.384335,14331434
2023-01-05,41.421082,42.975506,40.627655,41.509144,41.509144,26580691
2023-01-06,41.509617,41.824169,40.870586,41.636211,41.636211,9813302
2023-01-07,41.645546,41.970787,41.007599,41.027523,41.027523,8130678
2023-01-08,41.023170,41.131508,39.111832,40.096676,40.096676,13512913
2023-01-09,40.113800,43.220436,40.113800,42.392841,42.392841,27061310
2023-01-10,42.384335,45.165535,42.223438,44.670021,44.670021,20571307
2023-01-11,44.653854,46.578983,44.046825,46.342777,46.342777,14383547
2023-01-12,46.719822,47.075649,44.083481,45.820007,45.820007,18617678
2023-01-13,45.835045,51.852367,45.133217,51.049553,51.049553,25211236
2023-01-14,51.019550,52.970375,49.465752,51.839172,51.839172,27210866
2023-01-15,51.844448,52.348171,50.523476,51.255531,51.255531,14098744
2023-01-16,51.267803,52.209778,48.911247,49.942638,49.942638,17181889
2023-01-17,49.962009,50.196835,47.541725,49.000069,49.000069,22134648
2023-01-18,49.005257,49.475101,44.670460,45.168213,45.168213,21653760
2023-01-19,45.157795,46.234104,44.942108,45.963818,45.963818,9489845
2023-01-20,45.970417,50.667168,45.841457,50.667168,50.667168,14927218
2023-01-21,50.686329,52.296947,48.149689,48.214455,48.214455,20174167
2023-01-22,48.218109,53.002243,48.127583,50.355484,50.355484,27970306
2023-01-23,50.363995,55.368233,48.979591,54.466648,54.466648,45897836
2023-01-24,54.449722,55.548470,48.770962,49.263569,49.263569,34594652
2023-01-25,49.274418,54.032623,47.977314,53.430298,53.430298,26519058
2023-01-26,53.402863,53.951866,50.984520,51.487946,51.487946,19003023
2023-01-27,51.512539,55.732807,49.930679,55.732807,55.732807,28105547
2023-01-28,55.698727,57.581478,53.831371,55.757137,55.757137,28685258
2023-01-29,55.765827,63.965443,55.269821,61.739742,61.739742,62516972
2023-01-30,61.752266,62.312164,56.608952,58.426445,58.426445,57448143
2023-01-31,58.440727,60.358765,56.616932,59.629894,59.629894,39171285
2023-02-01,59.633102,68.319489,56.376759,67.592918,67.592918,61199165
2023-02-02,67.507500,70.794159,64.731873,64.764999,64.764999,66677919
2023-02-03,64.797974,72.948303,63.840405,70.813713,70.813713,64912367
2023-02-04,70.959412,76.957382,70.731316,70.731316,70.731316,82220640
2023-02-05,70.774429,71.766838,63.925083,66.796562,66.796562,67450785
2023-02-06,66.752342,68.263168,65.189552,66.339424,66.339424,46896719
2023-02-07,66.319466,74.089821,66.100708,72.102486,72.102486,64371061
2023-02-08,72.083649,72.438370,65.046440,67.174698,67.174698,43763374
2023-02-09,67.200279,67.499535,60.085484,60.465557,60.465557,54004422
2023-02-10,60.498005,61.486744,59.186790,60.246830,60.246830,35129725
2023-02-11,60.249756,66.793610,60.194969,66.548889,66.548889,37705493
2023-02-12,66.499466,67.506920,64.233665,64.409157,64.409157,27421030
2023-02-13,64.415024,66.957771,60.908421,66.906418,66.906418,39834022
2023-02-14,66.888405,77.508987,66.086975,74.656250,74.656250,112060933
2023-02-15,74.668587,82.568039,73.643082,81.272591,81.272591,69143193
2023-02-16,81.318398,84.632805,76.687637,76.717789,76.717789,104407549
2023-02-17,76.720535,82.802063,76.606911,82.142296,82.142296,83795927
2023-02-18,82.140617,85.124527,78.668510,80.597206,80.597206,66692146
2023-02-19,80.572227,81.617981,77.016754,77.514450,77.514450,42308608
2023-02-20,77.543953,79.110657,75.284149,78.610931,78.610931,47930442
2023-02-21,78.585472,81.703888,74.981041,76.900276,76.900276,58857274
2023-02-22,76.918068,77.467804,71.454262,74.594223,74.594223,59006534
2023-02-23,74.591438,79.592117,74.095566,75.117531,75.117531,76108071
2023-02-24,75.095306,77.219170,71.624420,73.892555,73.892555,80052060
2023-02-25,73.896866,73.896866,70.133308,72.226501,72.226501,48618259
2023-02-26,72.217857,76.148888,71.678619,75.714203,75.714203,49791946
2023-02-27,75.718819,76.720306,73.398651,74.691422,74.691422,55773705
2023-02-28,74.716492,75.076035,71.702766,71.714554,71.714554,38389338
2023-03-01,71.714661,76.884392,71.549644,76.884392,76.884392,64690626
2023-03-02,76.880371,77.671501,70.998405,72.696312,72.696312,59265741
2023-03-03,72.683754,72.749725,66.553719,67.885429,67.885429,50908393
2023-03-04,67.897697,69.401497,64.836411,65.682594,65.682594,38123991
2023-03-05,65.686516,68.848518,65.312332,67.992691,67.992691,29366618
2023-03-06,67.994308,72.016518,67.003952,71.389870,71.389870,47047945
2023-03-07,71.379807,73.152321,69.235725,71.791313,71.791313,58931586
2023-03-08,71.796875,72.335609,67.680244,67.799896,67.799896,56110384
2023-03-09,67.788834,68.633415,62.619938,64.472054,64.472054,56369931
2023-03-10,64.465988,64.498116,59.999466,63.504478,63.504478,75488503
2023-03-11,63.512959,65.327034,53.988136,61.789593,61.789593,151017244
2023-03-12,61.731247,68.525040,60.088924,68.517212,68.517212,71368144
2023-03-13,68.506821,76.125137,65.129829,74.667152,74.667152,120316825
2023-03-14,74.699333,80.527130,73.084747,75.502281,75.502281,121503604
2023-03-15,75.506348,82.070465,69.681725,78.982666,78.982666,153735414
2023-03-16,79.104027,83.483177,74.914444,76.179886,76.179886,250107024
2023-03-17,76.215584,83.043633,75.447464,83.034828,83.034828,111121794
2023-03-18,83.042725,85.943359,78.686745,78.909668,78.909668,83717360
2023-03-19,78.913605,84.068581,78.913605,81.413574,81.413574,68693828
2023-03-20,81.393341,84.321754,79.384010,79.992256,79.992256,81697466
2023-03-21,80.028801,84.501244,76.056618,81.866646,81.866646,101313436
2023-03-22,81.863762,81.863762,75.537102,77.562927,77.562927,84147011
2023-03-23,77.553993,78.671730,74.688072,75.269875,75.269875,74949208
2023-03-24,75.229462,75.366974,69.726433,70.305809,70.305809,62469165
2023-03-25,70.305527,71.387405,68.276016,69.383156,69.383156,40172911
2023-03-26,69.380112,71.175308,68.762833,69.387840,69.387840,39090022
2023-03-27,69.373589,72.409386,65.548378,71.807510,71.807510,66541834
2023-03-28,71.804497,78.281265,71.619408,77.737488,77.737488,79999051
2023-03-29,77.757896,79.261436,75.047485,75.104515,75.104515,65007589
2023-03-30,75.114487,77.490211,73.798988,75.381882,75.381882,57982386
2023-03-31,75.389183,76.533028,73.627708,76.103554,76.103554,46524596
2023-04-01,76.099594,76.521927,74.871117,75.197472,75.197472,19680038
2023-04-02,75.502533,75.997025,73.331375,74.258316,74.258316,19618824
2023-04-03,74.258118,74.270523,71.213287,72.561157,72.561157,36198516
2023-04-04,72.564613,75.035454,72.183739,74.853844,74.853844,27399556
2023-04-05,74.859795,81.830826,74.810654,80.209007,80.209007,64656882
2023-04-06,80.214645,80.214645,77.887833,79.292435,79.292435,32286577
2023-04-07,79.296913,79.475410,77.165298,78.360710,78.360710,21833997
2023-04-08,78.354698,79.670815,77.650192,78.021004,78.021004,20719870
2023-04-09,78.024704,78.379822,75.927483,77.375565,77.375565,22691686
2023-04-10,77.375175,80.083672,76.918282,79.888809,79.888809,23911241
2023-04-11,79.881004,79.926285,76.856743,77.232948,77.232948,42108923
2023-04-12,77.215973,78.383820,74.881569,78.081604,78.081604,26228071
2023-04-13,77.820450,81.833069,77.571327,81.055611,81.055611,34057869
2023-04-14,81.059334,86.428825,80.832275,85.937233,85.937233,79763850
2023-04-15,85.953362,89.606056,83.861954,87.400856,87.400856,92891318
2023-04-16,87.402145,89.106461,85.340302,88.024422,88.024422,64084199
2023-04-17,88.021332,88.053596,84.648415,86.021149,86.021149,56195746
2023-04-18,86.037560,90.887970,85.593384,89.176270,89.176270,66184041
2023-04-19,89.170143,89.189545,79.925781,80.503067,80.503067,73165443
2023-04-20,80.495087,81.991661,77.647438,78.409035,78.409035,53994418
2023-04-21,78.410149,78.749481,72.044167,73.063301,73.063301,63067742
2023-04-22,73.063080,74.873680,72.516846,74.452911,74.452911,25641104
2023-04-23,74.447807,75.197952,71.356422,72.298248,72.298248,30199770
2023-04-24,72.296242,73.176483,70.494324,71.929253,71.929253,29386507
2023-04-25,71.933975,73.792931,70.333412,73.239235,73.239235,35621289
2023-04-26,73.250359,77.534851,70.061646,72.924164,72.924164,73050846
2023-04-27,72.920456,75.502380,72.656967,73.894348,73.894348,38364847
2023-04-28,73.890060,74.160896,71.562843,72.443001,72.443001,25666269
2023-04-29,72.437035,73.178520,72.144867,72.362511,72.362511,14864253
2023-04-30,72.380493,74.183403,71.894547,71.918228,71.918228,16681260
2023-05-01,71.907265,72.077278,68.684814,69.492989,69.492989,29790948
2023-05-02,69.499603,70.620483,68.901703,70.119659,70.119659,16590538
2023-05-03,70.116356,70.116356,67.423134,69.600540,69.600540,28830679
2023-05-04,69.591309,69.866371,68.343254,68.356262,68.356262,19163027
2023-05-05,68.356201,72.013947,68.177345,71.756477,71.756477,25410550
2023-05-06,71.757927,72.219864,67.627213,68.752800,68.752800,25378691
2023-05-07,68.745476,69.648590,67.971603,68.130074,68.130074,19015874
2023-05-08,68.117905,68.281631,62.291798,63.349972,63.349972,36147772
2023-05-09,63.358051,63.466038,60.912350,61.050140,61.050140,18356070
2023-05-10,61.041088,62.552807,59.106300,62.416355,62.416355,34847258
2023-05-11,62.428211,62.434368,58.382874,59.846035,59.846035,21117698
2023-05-12,59.824814,61.451283,58.514950,61.342815,61.342815,27424115
2023-05-13,61.336147,61.626221,60.616821,61.165878,61.165878,10839687
2023-05-14,61.167877,62.352646,60.635201,61.386398,61.386398,11102091
2023-05-15,61.385990,63.504993,60.663952,63.137844,63.137844,17073133
2023-05-16,63.133247,63.410843,61.699821,62.263599,62.263599,14881125
2023-05-17,62.262154,64.285004,60.911072,64.172729,64.172729,22326436
2023-05-18,64.173447,64.612206,61.005157,61.799744,61.799744,19720496
2023-05-19,61.814217,63.133522,61.775505,63.037647,63.037647,11280761
2023-05-20,63.041286,63.417606,62.493694,62.975323,62.975323,7780384
2023-05-21,62.972412,63.245422,59.589947,59.589947,59.589947,18648218
2023-05-22,59.598221,60.525074,58.860458,59.541805,59.541805,13734474
2023-05-23,59.526699,60.997147,58.294010,58.326183,58.326183,15635131
2023-05-24,58.319851,58.319851,53.467728,54.091312,54.091312,27110022
2023-05-25,54.089645,54.104633,52.602913,52.789948,52.789948,15865310
2023-05-26,52.790359,54.742638,52.625908,54.508270,54.508270,18892502
2023-05-27,54.507710,54.796432,54.009693,54.796432,54.796432,8096247
2023-05-28,54.787868,58.270489,54.529358,57.643326,57.643326,17994054
2023-05-29,57.646286,57.795132,54.865635,55.996189,55.996189,17492707
2023-05-30,55.986954,57.245625,55.617546,56.301723,56.301723,11708884
2023-05-31,56.305290,56.670170,53.599976,54.005150,54.005150,12120917
2023-06-01,54.006035,54.129955,52.881989,53.317871,53.317871,10493945
2023-06-02,53.315617,56.281616,53.075405,56.053375,56.053375,15997279
2023-06-03,56.053429,56.604721,55.318375,55.318375,55.318375,9151717
2023-06-04,55.312843,56.570644,54.994411,55.619949,55.619949,15898772
2023-06-05,55.619354,55.806805,49.818493,52.142025,52.142025,46648921
2023-06-06,52.132938,54.318264,51.583828,53.939095,53.939095,25079395
2023-06-07,53.936924,53.936924,51.115269,51.374542,51.374542,14282128
2023-06-08,51.389851,51.845505,50.301678,51.407551,51.407551,9621285
2023-06-09,51.413876,51.979816,50.627197,51.202934,51.202934,10457034
2023-06-10,51.197968,51.198830,43.907825,45.051643,45.051643,40879825
2023-06-11,45.050953,45.304848,43.648834,43.671173,43.671173,23666367
2023-06-12,43.664646,44.831837,41.728340,44.663910,44.663910,27186293
2023-06-13,44.663097,46.353146,44.352703,45.734566,45.734566,22441111
2023-06-14,45.734566,46.100998,43.216061,43.879292,43.879292,14347150
2023-06-15,43.880806,45.790588,43.518818,45.411198,45.411198,16721873
2023-06-16,45.408646,49.135044,45.328548,48.988445,48.988445,26560303
2023-06-17,48.989239,51.177330,48.902191,50.065014,50.065014,15078424
2023-06-18,50.061440,50.256935,49.524361,49.729172,49.729172,10736179
2023-06-19,49.730541,50.042271,48.620369,49.359318,49.359318,12925489
2023-06-20,49.356785,51.475994,49.264862,51.433769,51.433769,21703782
2023-06-21,51.438095,54.653599,51.377365,54.559296,54.559296,28484984
2023-06-22,54.562920,56.808102,53.554474,53.591251,53.591251,20526667
2023-06-23,53.616924,55.562145,53.564590,54.065678,54.065678,15736934
2023-06-24,54.057549,54.540283,52.287895,53.095234,53.095234,12530436
2023-06-25,53.094734,55.222496,52.999821,54.481564,54.481564,15896751
2023-06-26,54.482708,55.076553,52.669266,53.122810,53.122810,16468470
2023-06-27,53.134686,55.014919,53.134686,54.561157,54.561157,13119573
2023-06-28,54.565113,54.581455,51.943729,51.981392,51.981392,16677701
2023-06-29,51.981373,53.486340,51.577381,52.890480,52.890480,11295850
2023-06-30,52.879879,55.788036,51.915474,55.686642,55.686642,20512748
2023-07-01,55.703392,57.283962,54.751911,57.261681,57.261681,14553064
2023-07-02,57.259335,57.299244,55.276592,56.526588,56.526588,11516281
2023-07-03,56.527420,58.149197,56.362820,58.149197,58.149197,14275684
2023-07-04,58.157730,58.901146,57.240810,57.505669,57.505669,14665796
2023-07-05,57.505665,57.914322,55.507828,55.748096,55.748096,12391591
2023-07-06,55.755932,58.095181,54.121574,54.121574,54.121574,16817484
2023-07-07,54.087490,55.460033,53.598984,55.434513,55.434513,9623104
2023-07-08,55.436104,56.038536,54.892776,55.669697,55.669697,10283118
2023-07-09,55.670662,56.435444,55.101120,55.184647,55.184647,9779196
2023-07-10,55.175377,56.365993,54.390999,55.302975,55.302975,11247479
2023-07-11,55.291210,55.858986,55.106613,55.515514,55.515514,7334184
2023-07-12,55.514282,56.169624,54.780418,55.261044,55.261044,7367016
2023-07-13,55.260410,59.338718,54.881432,59.338718,59.338718,16071996
2023-07-14,59.329643,61.635227,56.714218,57.875137,57.875137,34323349
2023-07-15,57.863209,58.358814,56.945419,57.025337,57.025337,11130160
2023-07-16,57.018463,57.636517,56.229721,56.388313,56.388313,10042600
2023-07-17,56.392517,57.415630,55.065315,56.390121,56.390121,13524181
2023-07-18,56.381313,57.087917,54.935154,55.102943,55.102943,13022479
2023-07-19,55.101349,55.807854,54.877495,55.119606,55.119606,9461178
2023-07-20,55.120113,55.628086,54.031181,54.263786,54.263786,12907136
2023-07-21,54.261921,54.718788,50.623196,50.839027,50.839027,21190087
2023-07-22,50.840343,51.293751,49.927574,50.577618,50.577618,14757419
2023-07-23,50.588451,52.734001,50.389347,52.069916,52.069916,13535497
2023-07-24,52.063953,52.930294,50.542290,52.815002,52.815002,20569780
2023-07-25,52.818230,54.264626,52.680862,53.506191,53.506191,19979170
2023-07-26,53.504940,55.456825,53.352383,55.283783,55.283783,18038277
2023-07-27,55.289516,56.092861,54.976925,55.841022,55.841022,12955245
2023-07-28,55.831055,57.247063,55.808216,56.696342,56.696342,10193678
2023-07-29,56.693752,57.252586,56.377220,56.511745,56.511745,7246020
2023-07-30,56.516872,56.520248,54.986347,55.623379,55.623379,9136955
2023-07-31,55.621517,55.984131,54.346722,54.346722,54.346722,14335738
2023-08-01,54.352345,54.375019,51.271729,52.351559,52.351559,24088985
2023-08-02,52.364559,52.609375,50.070831,50.072723,50.072723,16866822
2023-08-03,50.072971,51.514572,48.910328,51.131687,51.131687,28225025
2023-08-04,51.128723,52.172504,51.102810,52.081650,52.081650,19832472
2023-08-05,52.083218,53.053822,52.006786,52.738110,52.738110,12166783
2023-08-06,52.738571,54.695942,52.724480,53.093811,53.093811,15993699
2023-08-07,53.092579,53.932255,51.698849,52.058929,52.058929,15873170
2023-08-08,52.056576,52.237339,49.582996,49.654175,49.654175,20365588
2023-08-09,49.656139,50.644089,49.656139,50.029736,50.029736,11899835
2023-08-10,50.028240,50.107185,47.833054,47.833054,47.833054,21225219
2023-08-11,47.832848,47.832848,44.003998,45.232670,45.232670,46921033
2023-08-12,45.232384,46.560253,45.034885,46.453045,46.453045,15063693
2023-08-13,46.454281,47.033043,46.199875,46.262707,46.262707,12886180
2023-08-14,46.262470,47.568375,46.168201,47.362545,47.362545,16148890
2023-08-15,47.365013,47.574726,43.247845,43.632252,43.632252,24969504
2023-08-16,43.629230,43.729790,39.296085,39.675350,39.675350,43014028
2023-08-17,39.676903,40.167049,32.684525,35.407490,35.407490,45158974
2023-08-18,35.417995,37.329250,35.413761,37.063404,37.063404,26159530
2023-08-19,37.067280,38.880745,37.055523,38.304253,38.304253,12089539
2023-08-20,38.310349,38.522091,37.619930,37.914783,37.914783,7814065
2023-08-21,37.915363,37.940235,36.679768,37.089703,37.089703,10481351
2023-08-22,37.091564,37.111095,34.879387,36.145329,36.145329,12314316
2023-08-23,36.142467,37.557804,36.135700,37.225979,37.225979,10947680
2023-08-24,37.224758,37.304081,36.544643,37.232430,37.232430,13653647
2023-08-25,37.235912,37.276310,36.160446,36.716724,36.716724,10808745
2023-08-26,36.713142,37.334980,36.590816,36.983326,36.983326,7347158
2023-08-27,36.980190,37.199764,36.712029,36.839329,36.839329,6030820
2023-08-28,36.838196,37.152168,36.260262,37.018490,37.018490,6904308
2023-08-29,37.015667,39.250996,36.427700,38.659836,38.659836,16969484
2023-08-30,38.663765,38.733868,37.239994,37.438618,37.438618,11503667
2023-08-31,37.436283,37.436283,34.810963,35.005180,35.005180,33856069
2023-09-01,35.008106,35.214596,33.457451,33.574429,33.574429,9777682
2023-09-02,33.568451,33.860897,32.787678,32.919891,32.919891,7712452
2023-09-03,32.916157,33.200153,32.132439,32.551895,32.551895,8739301
2023-09-04,32.536865,32.804489,31.669128,31.991936,31.991936,11408170
2023-09-05,31.993481,32.776752,31.498468,32.561504,32.561504,10489823
2023-09-06,32.561600,33.951527,32.534264,33.725178,33.725178,14172096
2023-09-07,33.729069,34.831219,33.686375,34.495930,34.495930,17401203
2023-09-08,34.496506,34.727833,33.320118,33.502369,33.502369,6968303
2023-09-09,33.504173,33.515018,32.945099,32.992516,32.992516,4114756
2023-09-10,32.984776,32.993690,30.597754,30.624247,30.624247,9006201
2023-09-11,30.624689,31.318890,30.196943,30.723248,30.723248,8143842
2023-09-12,30.724848,32.329857,30.724848,31.370771,31.370771,8853538
2023-09-13,31.369490,31.972746,31.164560,31.667927,31.667927,6361907
2023-09-14,31.670059,32.308006,31.583166,31.606449,31.606449,6423250
2023-09-15,31.610626,32.007843,30.951788,31.697519,31.697519,6449397
2023-09-16,31.688339,32.877918,31.688339,32.629745,32.629745,7386281
2023-09-17,32.627857,32.924091,31.848661,32.199615,32.199615,6943481
2023-09-18,32.179363,34.966564,32.006538,34.362087,34.362087,15800654
2023-09-19,34.365887,36.452705,34.106937,36.159153,36.159153,12270184
2023-09-20,36.163219,36.456436,35.304386,36.277534,36.277534,8595423
2023-09-21,36.275745,36.870800,34.798569,34.928959,34.928959,10443803
2023-09-22,34.928463,35.186878,34.470207,34.686695,34.686695,6514826
2023-09-23,34.689045,34.919613,33.934895,34.078056,34.078056,5224724
2023-09-24,34.079529,34.205971,33.422733,33.480312,33.480312,4546958
2023-09-25,33.478687,34.943588,33.228230,34.722694,34.722694,8085334
2023-09-26,34.723003,35.424183,34.690292,35.424183,35.424183,7948329
2023-09-27,35.420738,36.329605,35.130268,35.699158,35.699158,8661918
2023-09-28,35.701344,37.807514,35.701344,37.807514,37.807514,10350563
2023-09-29,37.814926,38.561405,37.462761,38.557159,38.557159,7853372
2023-09-30,38.555607,40.671482,38.488674,40.572369,40.572369,11977036
2023-10-01,40.566841,42.933437,40.543610,42.407898,42.407898,18409013
2023-10-02,42.408222,42.840412,39.143593,39.748417,39.748417,19106377
2023-10-03,39.747963,40.201641,38.675652,38.821579,38.821579,13009819
2023-10-04,38.810146,39.026665,37.116882,38.295990,38.295990,14687689
2023-10-05,38.295097,38.537746,37.534611,38.024281,38.024281,10055888
2023-10-06,38.021576,39.954884,37.982452,39.792294,39.792294,11402472
2023-10-07,39.789749,40.202469,38.336910,38.535614,38.535614,12096962
2023-10-08,38.538696,38.915100,37.285851,37.794586,37.794586,8612142
2023-10-09,37.792278,37.930630,35.227840,35.835846,35.835846,10764419
2023-10-10,35.836025,36.448463,35.472786,35.989872,35.989872,7863480
2023-10-11,35.993256,36.669853,35.398026,36.190857,36.190857,8255733
2023-10-12,36.186188,36.218616,34.488464,34.601440,34.601440,7718241
2023-10-13,34.604210,35.929764,34.496613,35.459797,35.459797,23033204
2023-10-14,35.460255,35.879009,35.416512,35.537445,35.537445,13511633
2023-10-15,35.535881,35.842411,35.140198,35.473587,35.473587,12371536
2023-10-16,35.470032,37.417213,35.470032,36.439808,36.439808,13965196
2023-10-17,36.438629,36.441902,34.926235,35.371044,35.371044,10973583
2023-10-18,35.374149,36.052155,35.113998,35.132488,35.132488,8104243
2023-10-19,35.132614,35.221577,34.450253,35.050495,35.050495,9792735
2023-10-20,35.062046,37.449558,34.930740,37.250481,37.250481,48836614
2023-10-21,37.251022,39.457706,36.916771,38.731125,38.731125,12923275
2023-10-22,38.731972,39.399120,38.057007,38.784336,38.784336,9794701
2023-10-23,38.983574,42.135151,38.397705,41.624817,41.624817,46954758
2023-10-24,41.618656,43.346664,39.555794,40.604881,40.604881,39171197
2023-10-25,40.616356,43.072475,39.711170,42.543415,42.543415,36056613
2023-10-26,42.551815,45.774689,41.876347,43.552441,43.552441,34507330
2023-10-27,43.552059,44.023914,42.445599,43.836178,43.836178,19480486
2023-10-28,43.834240,46.773239,43.815193,45.651463,45.651463,20149290
2023-10-29,45.651752,46.279789,45.289234,45.639915,45.639915,13485796
2023-10-30,45.642445,46.800709,44.774094,45.145374,45.145374,17620433
2023-10-31,45.148052,45.644047,43.797527,44.858032,44.858032,18748901
2023-11-01,44.856625,47.878616,43.855980,47.283005,47.283005,20467466
2023-11-02,47.290646,48.149048,44.515755,45.536301,45.536301,24446685
2023-11-03,45.539925,47.842525,44.599873,47.632854,47.632854,20436144
2023-11-04,47.637241,48.143635,47.027977,47.528900,47.528900,14953295
2023-11-05,47.532196,48.686661,46.417843,47.357262,47.357262,19058377
2023-11-06,47.345684,48.626106,46.517052,48.345413,48.345413,21519952
2023-11-07,48.348312,48.378296,46.125305,47.856625,47.856625,29024441
2023-11-08,47.863308,50.003983,47.583172,49.793671,49.793671,34426148
2023-11-09,49.795757,53.768154,49.602295,53.757397,53.757397,51312708
2023-11-10,53.744102,54.234383,52.470238,53.576672,53.576672,39658482
2023-11-11,53.574226,55.658222,52.175163,54.712410,54.712410,45806016
2023-11-12,54.723595,55.296814,53.344376,54.209595,54.209595,35465291
2023-11-13,54.216339,55.063316,52.734207,52.739895,52.739895,35320034
2023-11-14,52.721340,53.443539,50.004887,51.059708,51.059708,36408379
2023-11-15,51.061310,54.470909,51.061310,54.222027,54.222027,36306110
2023-11-16,54.223785,55.019371,50.657120,51.227200,51.227200,36031288
2023-11-17,51.214531,52.389641,48.969006,50.729874,50.729874,40200683
2023-11-18,50.731316,50.981625,49.071655,50.862972,50.862972,23602486
2023-11-19,50.866795,51.998573,50.240719,51.966602,51.966602,16587982
2023-11-20,51.967182,52.957008,51.425179,51.546726,51.546726,23439146
2023-11-21,51.549686,52.087315,48.019444,48.128883,48.128883,39084880
2023-11-22,48.120621,52.040340,47.911877,51.500599,51.500599,23227658
2023-11-23,51.501984,52.178425,50.833317,51.491627,51.491627,13079570
2023-11-24,51.490765,53.553963,51.430305,52.260849,52.260849,18584471
2023-11-25,52.259441,52.819664,51.868721,51.990273,51.990273,14957501
2023-11-26,52.011196,52.415672,50.569767,51.153973,51.153973,13504395
2023-11-27,51.153236,51.319614,47.879829,48.737713,48.737713,17163361
2023-11-28,48.733509,50.244125,48.188564,49.642075,49.642075,17981745
2023-11-29,49.643932,50.173412,48.122845,48.478737,48.478737,16769046
2023-11-30,48.487850,49.003326,48.246616,48.929142,48.929142,15517408
2023-12-01,48.939556,51.118233,48.938526,50.863415,50.863415,26097253
2023-12-02,50.861698,52.709545,50.784801,52.491570,52.491570,16242508
2023-12-03,52.491161,52.745613,51.034225,51.998718,51.998718,15265187
2023-12-04,52.005020,53.962299,51.337425,51.618477,51.618477,28787398
2023-12-05,51.581055,52.646309,49.487457,52.642323,52.642323,33040040
2023-12-06,52.634476,53.294136,50.156185,50.156185,50.156185,25048005
2023-12-07,50.161762,53.403934,49.623089,53.302197,53.302197,27758659
2023-12-08,53.285076,54.464458,52.817280,54.041649,54.041649,25923158
2023-12-09,54.037243,56.069584,53.163399,53.386890,53.386890,35801416
2023-12-10,53.400860,54.763184,52.837868,54.080772,54.080772,21361325
2023-12-11,54.083920,54.243858,47.887062,49.441051,49.441051,34896450
2023-12-12,49.429573,50.229992,47.376431,48.481541,48.481541,24415709
2023-12-13,48.480824,49.194115,46.067982,48.590916,48.590916,27441401
2023-12-14,48.588432,49.836639,47.877289,49.460136,49.460136,20800450
2023-12-15,49.459229,49.463718,46.854576,46.858704,46.858704,20765619
2023-12-16,46.872238,47.973934,46.218952,46.301636,46.301636,20742628
2023-12-17,46.303810,46.461250,44.824734,44.946957,44.946957,15469394
2023-12-18,44.941341,45.054344,42.342609,44.786057,44.786057,20271707
2023-12-19,44.789703,45.280010,42.370819,43.141560,43.141560,21305292
2023-12-20,43.137032,45.068275,42.811199,43.386917,43.386917,20304858
2023-12-21,43.394787,43.897442,42.214348,43.732491,43.732491,23470378
2023-12-22,43.730350,47.647598,43.644657,47.647598,47.647598,59519201
2023-12-23,47.637482,47.779617,45.758213,46.362129,46.362129,27136547
2023-12-24,46.368229,47.365181,45.634212,46.208916,46.208916,37534970
2023-12-25,46.204556,48.605736,45.979656,47.475334,47.475334,36811827
2023-12-26,47.481461,47.893452,44.884537,45.918514,45.918514,42140342
2023-12-27,45.915627,51.830914,45.017071,51.734352,51.734352,67651587
2023-12-28,51.724174,53.009567,50.190701,50.271000,50.271000,40895848
2023-12-29,50.265560,54.198513,49.504990,51.544876,51.544876,56282706
2023-12-30,51.541759,58.956249,50.621887,57.105137,57.105137,94175178
2023-12-31,57.084114,57.773525,54.808842,55.049450,55.049450,41075330
2024-01-01,55.080475,58.752808,54.986305,57.736118,57.736118,39933036
2024-01-02,57.736256,64.168488,57.569115,60.660427,60.660427,95253548
2024-01-03,60.658108,63.648716,52.037235,57.641266,57.641266,124176071
2024-01-04,57.637802,59.033115,56.719463,57.930954,57.930954,51081748
2024-01-05,57.917625,58.225151,52.228844,53.755226,53.755226,46700878
2024-01-06,53.762978,53.830311,50.612122,51.188450,51.188450,30446744
2024-01-07,51.192085,52.154606,49.316700,49.605404,49.605404,25823767
2024-01-08,49.605186,52.242718,47.168869,51.954403,51.954403,31422677
2024-01-09,51.959843,52.073799,48.032787,50.297623,50.297623,28014549
2024-01-10,50.297783,56.214149,50.193642,55.348656,55.348656,47214778
2024-01-11,55.346832,57.877831,54.712639,55.880413,55.880413,40840978
2024-01-12,55.881084,59.120663,52.744114,54.491535,54.491535,47981195
2024-01-13,54.477825,55.389915,53.337051,55.045273,55.045273,18971629
2024-01-14,55.045708,55.169434,52.060062,52.062656,52.062656,19668928
2024-01-15,52.057796,53.190731,51.363838,51.767338,51.767338,15054731
2024-01-16,51.760143,54.122490,51.471718,53.642834,53.642834,18583644
2024-01-17,53.642834,53.950500,51.760345,52.376232,52.376232,15395478
2024-01-18,52.376431,52.645329,49.377712,49.914906,49.914906,20497847
2024-01-19,49.914967,49.950138,45.153461,46.953396,46.953396,32882976
2024-01-20,46.953396,47.203285,46.369373,47.000591,47.000591,13963066
2024-01-21,47.001965,47.175491,45.979012,45.979012,45.979012,13582102
2024-01-22,45.988419,46.414330,42.727509,42.790520,42.790520,21132585
2024-01-23,42.790520,43.706112,39.209679,40.685776,40.685776,27820108
2024-01-25,41.945141,42.026257,41.305336,41.305336,41.305336,18615444