Date,Open,High,Low,Close,Adj Close,Volume
2020-09-18,2704.643066,3523.939941,2704.643066,3523.939941,3523.939941,322402
2020-09-19,3521.214844,7357.251953,3430.703613,7357.251953,7357.251953,783322
2020-09-20,7355.321777,8029.541992,6687.960938,6709.184570,6709.184570,460089
2020-09-21,6709.184570,6749.516602,4779.700684,4786.153809,4786.153809,250518
2020-09-22,4771.321777,4800.114258,3827.942627,3831.102539,3831.102539,163056
2020-09-23,3831.984863,3926.010742,3499.451416,3926.000244,3926.000244,212798
2020-09-24,5553.783203,6627.943848,5553.783203,5776.529297,5776.529297,80216
2020-09-25,5776.509766,5852.629395,5615.741211,5626.919434,5626.919434,21583
2020-09-26,5626.919434,5654.473633,4484.361328,4584.444336,4584.444336,72381
2020-09-27,4584.444336,4659.220703,4314.375977,4519.062012,4519.062012,59552
2020-09-28,4519.043457,4962.642090,4360.914551,4368.111328,4368.111328,68304
2020-09-29,4368.104492,4368.104492,4079.871338,4136.387207,4136.387207,16826
2020-09-30,4136.394043,4140.091797,3848.512939,3874.158936,3874.158936,12127
2020-10-01,3874.160645,3915.691162,3177.369873,3223.938965,3223.938965,65724
2020-10-02,3223.938965,3223.938965,2909.968506,2950.518066,2950.518066,62368
2020-10-03,2950.518311,3286.275146,2904.657227,3268.046631,3268.046631,50011
2020-10-04,3268.046631,3529.010986,3266.247559,3473.937500,3473.937500,61014
2020-10-05,3474.002197,3596.632080,3399.147949,3505.323975,3505.323975,21806
2020-10-06,3505.348145,3525.758301,2583.087402,2590.847656,2590.847656,28345
2020-10-07,2590.848877,2814.358398,2538.331543,2813.520020,2813.520020,30502
2020-10-08,2813.520020,3019.088867,2801.140137,2976.915771,2976.915771,25288
2020-10-09,2976.915771,4094.489746,2956.655518,4064.612061,4064.612061,104943
2020-10-10,4062.521240,4640.963867,4061.982910,4581.937500,4581.937500,45787
2020-10-11,4581.937500,4769.109863,4492.329102,4517.325195,4517.325195,26126
2020-10-12,4517.325195,4702.208008,4011.540039,4623.183105,4623.183105,62559
2020-10-13,4623.183105,4802.894043,4566.725098,4729.690430,4729.690430,0
2020-10-14,4739.368652,4805.436035,4642.632813,4708.506836,4708.506836,0
2020-10-15,4708.505371,4729.905762,4607.632324,4683.166992,4683.166992,0
2020-10-16,4683.166992,4715.174316,4498.982422,4544.041992,4544.041992,0
2020-10-17,4544.041992,4587.954102,4522.452637,4576.636230,4576.636230,0
2020-10-18,4576.635742,4697.507324,4567.618164,4692.743652,4692.743652,0
2020-10-19,4692.743652,4756.071777,4636.767090,4714.109375,4714.109375,0
2020-10-20,4714.108398,4724.349609,4561.065918,4580.124512,4580.124512,0
2020-10-21,4580.122070,4744.790039,3461.824463,3514.382568,3514.382568,25722
2020-10-22,3514.382568,4001.208496,3461.345459,3894.729004,3894.729004,14154
2020-10-23,3897.348877,3929.216553,3762.125244,3820.886719,3820.886719,0
2020-10-24,3820.748291,3952.306641,3800.235352,3828.824951,3828.824951,13343
2020-10-25,3828.786133,4029.408203,3654.701660,3655.413818,3655.413818,22285
2020-10-26,3655.353760,3675.457764,3290.228271,3451.998047,3451.998047,18713
2020-10-27,3452.149414,3907.298096,3444.948975,3869.735840,3869.735840,19513
2020-10-28,3875.811035,4025.631836,3395.034180,3398.348389,3398.348389,10570
2020-10-29,3398.217773,3398.220459,3104.592041,3104.897461,3104.897461,27378
2020-10-30,3104.853760,3134.010742,2823.181885,2823.181885,2823.181885,5207
2020-10-31,2823.222900,3025.287109,2794.623291,2962.272949,2962.272949,11987
2020-11-01,2962.253174,3079.410400,2959.822021,2987.010010,2987.010010,16549
2020-11-02,2987.108154,3044.947510,2562.291504,2573.666504,2573.666504,19845
2020-11-03,2568.853516,2872.720459,2557.755859,2860.511230,2860.511230,4703
2020-11-04,2860.579834,3035.166992,2817.752930,2990.333252,2990.333252,678
2020-11-05,2991.007568,3021.847412,2781.855469,2803.584229,2803.584229,19990
2020-11-06,2803.545166,2877.441162,2388.924561,2588.572266,2588.572266,45109
2020-11-07,2588.643799,3013.099854,2588.151611,2869.844727,2869.844727,7444
2020-11-08,2870.791504,2941.282227,2713.659424,2754.161621,2754.161621,12416
2020-11-09,2754.197510,2769.589600,2528.547607,2538.070557,2538.070557,9473
2020-11-10,2537.954590,2553.628418,2418.678955,2492.045898,2492.045898,9612
2020-11-11,2491.714844,2757.153809,2491.473389,2754.859375,2754.859375,7537
2020-11-12,2754.837891,2905.852295,2708.089844,2893.472412,2893.472412,1472
2020-11-13,2893.246826,3328.807129,2890.203369,3326.088379,3326.088379,37798
2020-11-14,3326.216553,3539.741943,3263.596680,3533.553711,3533.553711,32001
2020-11-15,3533.713379,3673.645264,3469.833496,3535.163818,3535.163818,1849
2020-11-16,3535.279053,3559.315674,3291.554688,3317.108154,3317.108154,12486
2020-11-17,3340.109131,3376.466553,3221.544678,3371.357178,3371.357178,9598
2020-11-18,3371.153809,3458.081299,3215.507813,3455.288330,3455.288330,4807
2020-11-19,3455.648926,4049.415771,3357.991455,4049.415771,4049.415771,28483
2020-11-20,4049.312988,4866.929688,4049.312988,4635.976563,4635.976563,69541
2020-11-21,4635.758789,4715.565918,4154.440430,4168.764648,4168.764648,39223
2020-11-22,4168.817383,4305.417969,3760.968994,4148.910645,4148.910645,5382
2020-11-23,4148.611816,4568.602051,4085.613525,4558.740234,4558.740234,6748
2020-11-24,4557.720215,4697.022949,4482.592773,4610.577637,4610.577637,20719
2020-11-25,4610.972168,4634.039063,4201.790527,4278.438477,4278.438477,8504
2020-11-26,4277.683105,4314.922363,3282.346680,3475.406494,3475.406494,16689
2020-11-27,3478.210693,3556.707275,3290.803711,3389.585449,3389.585449,14152
2020-11-28,3390.056885,3618.499512,3340.854004,3566.938477,3566.938477,142
2020-11-29,3566.995850,3748.468750,3520.971680,3741.850342,3741.850342,670
2020-11-30,3741.802979,3944.745850,3640.479492,3740.880371,3740.880371,12563
2020-12-01,3741.407227,4154.891602,3679.565918,3925.694824,3925.694824,28281
2020-12-02,3924.398193,4062.005859,3817.608643,3964.264404,3964.264404,466
2020-12-03,3964.156494,4113.395020,3884.881836,3899.402832,3899.402832,5084
2020-12-04,3899.090332,3911.987061,3545.371826,3551.576904,3551.576904,746
2020-12-05,3551.122070,3684.750977,3515.499512,3647.370605,3647.370605,10120
2020-12-06,3647.943359,3709.647461,3570.539551,3654.014648,3654.014648,4645
2020-12-07,3655.212646,3671.729980,3528.104980,3646.200928,3646.200928,4401
2020-12-08,3645.779541,3800.902588,3606.091797,3620.802979,3620.802979,7298
2020-12-09,3621.525635,3704.391113,1762.871094,3682.748047,3682.748047,10159
2020-12-10,3682.911377,3688.948730,3516.247803,3606.496826,3606.496826,11573
2020-12-11,3606.355469,3609.855225,3401.457275,3406.010986,3406.010986,9466
2020-12-12,3406.278564,3778.121582,3402.683838,3748.314941,3748.314941,4927
2020-12-13,3747.689209,3936.061768,3725.259521,3924.459717,3924.459717,1339
2020-12-14,3924.761475,3925.520508,1930.138062,3507.877441,3507.877441,31917
2020-12-15,3507.929932,3911.721436,3457.873291,3885.346680,3885.346680,653
2020-12-16,3885.480713,4612.266113,3838.954346,4612.266113,4612.266113,1538
2020-12-17,4612.486816,5162.991211,4601.488770,4841.493164,4841.493164,2538
2020-12-18,4841.409180,5098.891113,4743.422363,4985.591797,4985.591797,1153
2020-12-19,4985.665527,5028.747070,4824.164551,4914.968262,4914.968262,452
2020-12-20,4915.017578,4915.017578,4440.459473,4504.169434,4504.169434,754
2020-12-21,4504.179688,4570.676270,4172.498047,4218.841797,4218.841797,4430
2020-12-22,4218.841797,4372.406738,4071.557129,4372.406738,4372.406738,0
2020-12-23,4372.430176,4393.028809,3701.696777,3701.696777,3701.696777,1147
2020-12-24,3701.820313,4049.556152,3600.023193,4049.556152,4049.556152,730
2020-12-25,4049.367920,4272.815918,3921.302979,4224.267578,4224.267578,4366
2020-12-26,4224.360352,4674.907227,4159.025879,4563.815430,4563.815430,958
2020-12-27,4563.764648,5515.583496,4506.832031,5218.420410,5218.420410,5126
2020-12-28,5218.470215,5580.744141,4774.456055,4841.337891,4841.337891,3387
2020-12-29,4841.364746,4977.652832,4557.308105,4821.583008,4821.583008,1647
2020-12-30,4821.398926,4884.327637,4470.142090,4510.618164,4510.618164,1507
2020-12-31,4510.501953,4528.083496,3701.687988,4074.966553,4074.966553,11801
2021-01-01,4074.959229,4232.574707,4025.085938,4228.412598,4228.412598,2736
2021-01-02,4228.505859,4561.773438,4168.094238,4489.204102,4489.204102,985
2021-01-03,4489.658691,5293.707520,4467.516113,5158.760742,5158.760742,7603
2021-01-04,5158.582520,6028.987793,4844.353516,5198.765625,5198.765625,928
2021-01-05,5198.676758,5814.559570,4910.435547,5717.387207,5717.387207,4010
2021-01-06,5719.643066,5804.681641,5214.659180,5781.394531,5781.394531,1556
2021-01-07,5781.005859,6311.329102,5720.614258,6036.769531,6036.769531,1826
2021-01-08,6040.616699,6355.479980,4826.436523,5134.367676,5134.367676,7676
2021-01-09,5134.376465,5460.296875,4980.666504,5409.202148,5409.202148,2962
2021-01-10,5409.455078,5623.073730,4610.421387,4882.810547,4882.810547,1793
2021-01-11,4882.864746,4890.899414,3086.166016,3505.901123,3505.901123,3895
2021-01-12,3506.169922,3940.481689,3381.991455,3661.660156,3661.660156,2448
2021-01-13,3661.398682,4153.066406,3502.007568,4133.553223,4133.553223,738
2021-01-14,4133.611816,4653.543945,4003.281982,4575.850098,4575.850098,4474
2021-01-15,4576.054688,6349.653809,4576.054688,5809.911133,5809.911133,8547
2021-01-16,5809.919434,6654.076660,5746.169922,6387.405273,6387.405273,927
2021-01-17,6387.475098,6827.625977,6233.023926,6556.789551,6556.789551,8660
2021-01-18,6556.963867,6881.026367,6112.207520,6543.561523,6543.561523,7585
2021-01-19,6543.398926,12676.317383,6534.040527,8722.991211,8722.991211,111004
2021-01-20,8723.081055,8849.674805,7741.185547,8510.343750,8510.343750,37252
2021-01-21,8510.309570,8514.044922,6953.798828,7041.044434,7041.044434,3663
2021-01-22,7041.387207,8520.236328,6628.671387,7889.686523,7889.686523,25323
2021-01-23,7889.328125,8489.218750,7682.793945,8393.195313,8393.195313,9537
2021-01-24,8393.057617,9330.041016,8333.778320,9042.001953,9042.001953,23272
2021-01-25,9041.782227,9984.350586,8680.575195,9173.109375,9173.109375,36263
2021-01-26,9172.877930,10197.451172,8740.510742,10107.177734,10107.177734,35484
2021-01-27,10106.960938,10193.328125,9222.527344,9561.830078,9561.830078,23486
2021-01-28,9560.807617,12803.937500,9442.253906,12461.255859,12461.255859,106657
2021-01-29,12461.404297,26927.222656,12104.265625,26324.496094,26324.496094,447672
2021-01-30,26324.361328,27450.224609,21011.294922,25982.652344,25982.652344,342808
2021-01-31,25968.867188,26014.150391,19723.429688,19911.681641,19911.681641,88447
2021-02-01,19912.765625,21797.259766,17143.773438,21479.863281,21479.863281,133403
2021-02-02,21484.343750,24996.941406,21450.591797,23506.953125,23506.953125,173704
2021-02-03,23506.291016,25265.527344,21084.361328,23186.736328,23186.736328,270237
2021-02-04,23107.783203,25580.902344,19653.123047,24153.496094,24153.496094,504966
2021-02-05,24227.212891,34918.468750,24092.263672,33436.628906,33436.628906,745716
2021-02-06,33361.640625,33361.640625,23535.724609,23900.876953,23900.876953,420237
2021-02-07,23889.691406,24400.314453,21311.517578,23568.890625,23568.890625,215009
2021-02-08,23556.861328,24468.285156,22495.386719,23890.837891,23890.837891,103949
2021-02-09,23898.525391,26791.306641,22942.597656,26287.173828,26287.173828,213373
2021-02-10,26276.960938,29463.402344,24324.619141,27751.875000,27751.875000,104585
2021-02-11,27772.410156,29109.306641,26576.474609,27794.455078,27794.455078,103497
2021-02-12,27803.984375,31013.986328,26488.738281,30158.449219,30158.449219,202666
2021-02-13,30145.671875,37849.074219,30145.671875,35922.324219,35922.324219,356317
2021-02-14,35924.433594,48898.316406,35907.675781,48507.554688,48507.554688,415506
2021-02-15,48510.562500,67500.671875,48510.562500,63328.089844,63328.089844,1527931
2021-02-16,63354.074219,94840.726563,62452.199219,77914.960938,77914.960938,2227079
2021-02-17,77880.312500,88258.304688,73248.296875,73437.625000,73437.625000,2059667
2021-02-18,73503.945313,73535.625000,61894.171875,62640.187500,62640.187500,822245
2021-02-19,62618.320313,66290.687500,58958.328125,66181.656250,66181.656250,522946
2021-02-20,66170.234375,72251.273438,62568.796875,70361.312500,70361.312500,683374
2021-02-21,70349.820313,72683.421875,69376.648438,72387.687500,72387.687500,202519
2021-02-22,72362.585938,83201.054688,66236.359375,80840.390625,80840.390625,750049
2021-02-23,80885.296875,83463.304688,48596.621094,58530.742188,58530.742188,1019514
2021-02-24,58543.500000,76281.835938,56375.890625,73999.742188,73999.742188,863326
2021-02-25,74020.062500,76228.367188,61285.109375,61729.589844,61729.589844,480181
2021-02-26,61538.847656,73026.578125,59524.195313,72435.390625,72435.390625,379032
2021-02-27,72435.609375,101205.367188,72435.609375,88638.390625,88638.390625,1284217
2021-02-28,88667.226563,107778.953125,84686.148438,105897.515625,105897.515625,1178926
2021-03-01,105897.398438,143168.187500,105339.429688,120410.140625,120410.140625,1169524
2021-03-02,120407.695313,133186.750000,120407.695313,127370.953125,127370.953125,292705
2021-03-03,127369.148438,164026.546875,127068.898438,161021.390625,161021.390625,865375
2021-03-04,161010.859375,164332.859375,113783.960938,127628.718750,127628.718750,815650
2021-03-05,127632.851563,128645.859375,71043.015625,103327.179688,103327.179688,1020720
2021-03-06,103327.781250,108062.234375,91113.000000,107838.304688,107838.304688,503100
2021-03-07,107716.992188,113806.703125,101760.460938,112755.812500,112755.812500,421890
2021-03-08,112800.187500,119381.531250,108708.359375,119381.531250,119381.531250,392768
2021-03-09,119354.804688,126038.140625,117030.265625,122114.515625,122114.515625,258394
2021-03-10,122115.796875,134162.546875,113316.851563,114377.234375,114377.234375,328135
2021-03-11,114378.242188,114378.242188,102361.453125,107661.218750,107661.218750,289863
2021-03-12,107669.289063,108052.523438,92054.757813,98313.554688,98313.554688,607826
2021-03-13,98311.687500,105404.914063,88784.320313,92955.593750,92955.593750,164875
2021-03-14,92954.570313,95687.820313,88691.148438,94676.718750,94676.718750,185821
2021-03-15,94677.101563,95066.062500,81647.476563,88813.328125,88813.328125,220369
2021-03-16,88813.687500,89184.648438,77579.593750,88049.757813,88049.757813,153136
2021-03-17,88047.210938,88131.375000,72206.710938,79246.398438,79246.398438,321045
2021-03-18,79282.281250,82603.234375,69396.031250,78777.562500,78777.562500,239891
2021-03-19,78783.906250,117952.312500,72562.234375,106816.507813,106816.507813,1348527
2021-03-20,106855.703125,111224.351563,94116.140625,105772.601563,105772.601563,653043
2021-03-21,105619.312500,111017.312500,92451.781250,93110.562500,93110.562500,379049
2021-03-22,93397.335938,95326.484375,74998.257813,89314.890625,89314.890625,72466
2021-03-23,89284.507813,89552.031250,75478.953125,79104.625000,79104.625000,407297
2021-03-24,79063.796875,86072.148438,73762.671875,76786.468750,76786.468750,483622
2021-03-25,76664.593750,76802.054688,61486.976563,68130.648438,68130.648438,338955
2021-03-26,68103.335938,81703.687500,64184.976563,80452.234375,80452.234375,490184
2021-03-27,80363.492188,83242.695313,79483.343750,82658.351563,82658.351563,73644
2021-03-28,82652.132813,87750.875000,81839.546875,87232.648438,87232.648438,166169
2021-03-29,87245.109375,97724.625000,85023.859375,87848.601563,87848.601563,180510
2021-03-30,87855.195313,92617.031250,77914.796875,84697.328125,84697.328125,416617
2021-03-31,84675.867188,104778.468750,81706.898438,97006.476563,97006.476563,300260
2021-04-01,96778.781250,109783.140625,95800.078125,108511.718750,108511.718750,140198
2021-04-02,109109.000000,122106.914063,107795.195313,115053.468750,115053.468750,236526
2021-04-03,115403.882813,118473.625000,90997.140625,91223.617188,91223.617188,260675
2021-04-04,90941.226563,95611.546875,81075.351563,83469.554688,83469.554688,263235
2021-04-05,83382.750000,83894.757813,74110.062500,81855.382813,81855.382813,219568
2021-04-06,81916.523438,88422.031250,74493.937500,87583.414063,87583.414063,141054
2021-04-07,87580.695313,88094.578125,75841.148438,77337.460938,77337.460938,106364
2021-04-08,77073.812500,88843.007813,76537.414063,88569.273438,88569.273438,95791
2021-04-09,88553.351563,96269.507813,80776.593750,83620.171875,83620.171875,246690
2021-04-10,83636.570313,94133.601563,77116.976563,82128.156250,82128.156250,499345
2021-04-11,82141.335938,83294.054688,77830.398438,79753.304688,79753.304688,105658
2021-04-12,79738.796875,85194.226563,79284.093750,83291.382813,83291.382813,129820
2021-04-13,80824.789063,89411.250000,80824.789063,87930.039063,87930.039063,63964
2021-04-14,88187.578125,90414.859375,84591.937500,89537.406250,89537.406250,54582
2021-04-15,89547.789063,97038.046875,84458.265625,96153.539063,96153.539063,233828
2021-04-16,96078.554688,100517.234375,91863.648438,98335.562500,98335.562500,212243
2021-04-17,98378.492188,100148.507813,87478.593750,89386.578125,89386.578125,181897
2021-04-18,89306.000000,93762.039063,77268.476563,92057.117188,92057.117188,188792
2021-04-19,91982.835938,93721.851563,87592.914063,91851.632813,91851.632813,30649
2021-04-20,91748.734375,91854.976563,78956.101563,88539.679688,88539.679688,96693
2021-04-21,88793.734375,94867.437500,85304.546875,86478.539063,86478.539063,101087
2021-04-22,86591.398438,99265.039063,82590.804688,89903.421875,89903.421875,169483
2021-04-23,89877.320313,90550.750000,78232.320313,84560.078125,84560.078125,70101
2021-04-24,84580.984375,84695.882813,74724.429688,75096.585938,75096.585938,208273
2021-04-25,75081.859375,75795.476563,62514.558594,72591.203125,72591.203125,367869
2021-04-26,72594.937500,80752.414063,71890.851563,73976.921875,73976.921875,287040
2021-04-27,73970.546875,74334.765625,68016.109375,71669.890625,71669.890625,48329
2021-04-28,71697.109375,77395.687500,69405.070313,73495.968750,73495.968750,99721
2021-04-29,73497.601563,83101.593750,71513.523438,80499.101563,80499.101563,115800
2021-04-30,80454.085938,80515.531250,73713.710938,76492.843750,76492.843750,247874
2021-05-01,76481.234375,81995.820313,71337.609375,81809.421875,81809.421875,202741
2021-05-02,81829.289063,94815.664063,73212.445313,79089.796875,79089.796875,230568
2021-05-03,80701.539063,93820.625000,78897.875000,85209.687500,85209.687500,406975
2021-05-04,85207.156250,98904.093750,74625.929688,95643.726563,95643.726563,407424
2021-05-05,95635.531250,97468.726563,80540.281250,85391.398438,85391.398438,312859
2021-05-06,85429.265625,86060.843750,79952.757813,81713.015625,81713.015625,133029
2021-05-07,81639.726563,84121.414063,74209.203125,76119.414063,76119.414063,24008
2021-05-08,76145.062500,87985.343750,73064.359375,86999.429688,86999.429688,138319
2021-05-09,87133.945313,96503.609375,80942.093750,85339.289063,85339.289063,38818
2021-05-10,85496.273438,104613.828125,84728.757813,96436.406250,96436.406250,140546
2021-05-11,96696.734375,98755.507813,90245.070313,96300.992188,96300.992188,21488
2021-05-12,96346.085938,108563.851563,92187.250000,95633.679688,95633.679688,22662
2021-05-13,94783.906250,97565.773438,84014.210938,90165.015625,90165.015625,63179
2021-05-14,90319.640625,98727.609375,90034.054688,96952.914063,96952.914063,2765
2021-05-15,96763.507813,98136.015625,84578.992188,84646.437500,84646.437500,34703
2021-05-16,84556.015625,91979.953125,79282.773438,84137.726563,84137.726563,31714
2021-05-17,84254.773438,84354.781250,63396.496094,68486.976563,68486.976563,34417
2021-05-18,68468.648438,73819.945313,67743.648438,70103.398438,70103.398438,7314
2021-05-19,70104.750000,71513.726563,43713.578125,45568.867188,45568.867188,31083
2021-05-20,45525.144531,71662.914063,39492.550781,66865.195313,66865.195313,117604
2021-05-21,66676.257813,70325.695313,42855.871094,49341.660156,49341.660156,129092
2021-05-22,49364.347656,50355.125000,41187.113281,49109.007813,49109.007813,77199
2021-05-23,49037.117188,50436.816406,32933.480469,41186.082031,41186.082031,64616
2021-05-24,41190.871094,54468.894531,41177.640625,53540.714844,53540.714844,57449
2021-05-25,53523.656250,55657.285156,47488.398438,54268.644531,54268.644531,153742
2021-05-26,54260.628906,62929.125000,53633.710938,62758.097656,62758.097656,8359
2021-05-27,62757.652344,62898.574219,57306.328125,59409.132813,59409.132813,5863
2021-05-28,59534.160156,64190.894531,55689.625000,58282.714844,58282.714844,12235
2021-05-29,58241.066406,61446.347656,51109.531250,53598.921875,53598.921875,5523
2021-05-30,54103.078125,58398.343750,51140.746094,56102.089844,56102.089844,1399
2021-05-31,56036.554688,63158.800781,53511.078125,63029.031250,63029.031250,243
2021-06-01,63045.210938,63551.765625,56996.269531,59452.437500,59452.437500,2071
2021-06-02,59447.898438,65334.363281,56730.269531,62009.519531,62009.519531,11198
2021-06-03,61982.371094,68359.054688,61521.554688,67664.601563,67664.601563,35291
2021-06-04,67674.351563,68511.929688,62361.835938,65182.964844,65182.964844,14570
2021-06-05,64968.156250,67888.359375,61348.972656,62269.980469,62269.980469,1001
2021-06-06,62066.308594,64214.085938,60342.472656,62272.644531,62272.644531,10231
2021-06-07,62307.808594,65026.140625,54255.171875,54255.171875,54255.171875,10562
2021-06-08,54260.859375,54889.644531,40254.613281,45779.031250,45779.031250,63467
2021-06-09,45776.582031,49663.921875,42511.777344,49411.136719,49411.136719,8886
2021-06-10,49357.242188,52039.378906,41785.832031,44219.769531,44219.769531,10680
2021-06-11,44205.359375,44494.746094,39776.820313,39792.750000,39792.750000,3119
2021-06-12,39784.152344,39923.585938,35885.195313,38686.222656,38686.222656,16095
2021-06-13,38676.964844,42833.812500,37581.050781,42381.441406,42381.441406,13110
2021-06-14,42393.316406,44624.394531,42059.917969,43707.292969,43707.292969,15914
2021-06-15,44307.062500,49866.453125,42524.964844,43600.773438,43600.773438,1080
2021-06-16,48639.859375,48639.859375,42543.039063,42628.667969,42628.667969,1867
2021-06-17,42627.777344,43728.882813,37144.410156,38246.855469,38246.855469,14568
2021-06-18,38237.605469,40038.406250,33340.292969,35192.121094,35192.121094,12151
2021-06-19,35212.875000,36512.277344,34029.796875,35621.210938,35621.210938,5614
2021-06-20,35650.156250,38055.203125,34592.964844,37160.343750,37160.343750,4401
2021-06-21,37174.964844,37307.226563,31199.636719,31522.556641,31522.556641,102
2021-06-22,31529.775391,32622.470703,23632.714844,27228.986328,27228.986328,14302
2021-06-23,27234.109375,30971.724609,26094.429688,29663.558594,29663.558594,23676
2021-06-24,28791.992188,30428.802734,27401.101563,27401.101563,27401.101563,31545
2021-06-25,27474.027344,30206.824219,27048.398438,28913.287109,28913.287109,4142
2021-06-26,28891.310547,32616.089844,27387.570313,28949.912109,28949.912109,13600
2021-06-27,28966.529297,31258.263672,28776.720703,31258.263672,31258.263672,1851
2021-06-28,31201.173828,35291.542969,31200.369141,34300.078125,34300.078125,9962
2021-06-29,34286.175781,39624.734375,34277.894531,37635.746094,37635.746094,2887
2021-06-30,37644.628906,40633.378906,36027.574219,39956.917969,39956.917969,4040
2021-07-01,40026.054688,45408.863281,38433.500000,42152.320313,42152.320313,53454
2021-07-02,42139.281250,42442.191406,37734.218750,40535.480469,40535.480469,14624
2021-07-03,40536.011719,42993.839844,40074.480469,42669.140625,42669.140625,2516
2021-07-04,42677.820313,49138.343750,41765.507813,48056.062500,48056.062500,3250
2021-07-05,48049.769531,48052.675781,43673.339844,43673.339844,43673.339844,5469
2021-07-06,43663.019531,45297.703125,41725.906250,42020.140625,42020.140625,8517
2021-07-07,42081.207031,44066.210938,41703.398438,42548.152344,42548.152344,1630
2021-07-08,42557.371094,44109.714844,38861.351563,39149.535156,39149.535156,9580
2021-07-09,39176.453125,40228.312500,38144.093750,39671.515625,39671.515625,59
2021-07-10,39649.746094,39973.230469,38464.800781,38894.972656,38894.972656,1052
2021-07-11,39050.031250,43201.843750,38288.898438,42674.777344,42674.777344,3124
2021-07-12,42667.003906,43026.835938,40131.375000,40584.222656,40584.222656,235
2021-07-13,40584.222656,46877.601563,40277.574219,41791.621094,41791.621094,21506
2021-07-14,41828.843750,43507.925781,40386.042969,43232.019531,43232.019531,1379
2021-07-15,43236.398438,43465.835938,40182.558594,40577.871094,40577.871094,4910
2021-07-16,40554.652344,45128.484375,39838.664063,44202.371094,44202.371094,3339
2021-07-17,44172.542969,44723.011719,40003.355469,41671.773438,41671.773438,5934
2021-07-18,41657.800781,43522.417969,40466.777344,40763.019531,40763.019531,722
2021-07-19,40766.496094,41422.703125,37941.675781,41260.546875,41260.546875,11452
2021-07-20,41274.058594,41547.945313,38085.863281,39085.562500,39085.562500,5654
2021-07-21,39080.582031,46771.164063,38503.593750,46770.468750,46770.468750,80920
2021-07-22,46752.441406,51369.742188,46642.589844,51070.078125,51070.078125,7994
2021-07-23,51067.007813,54386.679688,48786.867188,52237.386719,52237.386719,16955
2021-07-24,52248.484375,53742.695313,51988.140625,53187.605469,53187.605469,2419
2021-07-25,53206.957031,56300.402344,51501.441406,52944.121094,52944.121094,0
2021-07-26,52934.148438,70280.781250,52697.691406,65600.976563,65600.976563,36172
2021-07-27,65582.609375,67442.148438,62458.523438,65238.503906,65238.503906,12856
2021-07-28,65320.429688,66316.101563,62977.511719,63814.312500,63814.312500,1117
2021-07-29,64071.199219,67655.851563,63329.796875,67050.476563,67050.476563,2781
2021-07-30,67020.976563,72301.328125,66930.234375,69343.726563,69343.726563,15419
2021-07-31,69340.281250,138271.828125,69315.046875,124750.781250,124750.781250,1256242
2021-08-01,124698.125000,140090.093750,116049.046875,124373.773438,124373.773438,261965
2021-08-02,124432.539063,124755.218750,105460.992188,105460.992188,105460.992188,215061
2021-08-03,105489.148438,106326.296875,78655.203125,88775.796875,88775.796875,167985
2021-08-04,88764.296875,110555.445313,87953.640625,109274.679688,109274.679688,226453
2021-08-05,109223.671875,128957.445313,102756.484375,112268.875000,112268.875000,133036
2021-08-06,112265.257813,144368.296875,109619.265625,137103.390625,137103.390625,811409
2021-08-07,137127.281250,174102.281250,136604.062500,159944.156250,159944.156250,480516
2021-08-08,159869.468750,162069.687500,139322.765625,149259.468750,149259.468750,387781
2021-08-09,149175.078125,198869.234375,143343.812500,170934.140625,170934.140625,546013
2021-08-10,171010.562500,174478.703125,127041.359375,140710.328125,140710.328125,353477
2021-08-11,140767.890625,165954.890625,138583.234375,160512.718750,160512.718750,432083
2021-08-12,160531.812500,160645.156250,140673.515625,144600.406250,144600.406250,81743
2021-08-13,144433.359375,160821.406250,144187.312500,160734.562500,160734.562500,16411
2021-08-14,160693.812500,161485.796875,145321.140625,146462.234375,146462.234375,252452
2021-08-15,146485.203125,146908.750000,129917.929688,136213.812500,136213.812500,288639
2021-08-16,136317.671875,146427.921875,132796.140625,133555.421875,133555.421875,178239
2021-08-17,133555.421875,136151.593750,120873.382813,121365.164063,121365.164063,69387
2021-08-18,121436.460938,122778.515625,100585.062500,105909.859375,105909.859375,421659
2021-08-19,105856.179688,106849.007813,94584.554688,102095.898438,102095.898438,100469
2021-08-20,102216.234375,119506.187500,102216.234375,116079.968750,116079.968750,208189
2021-08-21,116155.773438,119439.031250,110257.750000,114431.515625,114431.515625,227408
2021-08-22,114421.554688,114873.898438,110530.960938,113282.820313,113282.820313,54079
2021-08-23,113296.296875,131187.328125,111993.812500,130433.523438,130433.523438,199682
2021-08-24,130448.101563,168976.015625,114809.625000,133809.187500,133809.187500,482847
2021-08-25,133799.046875,142565.640625,127484.546875,133878.437500,133878.437500,209210
2021-08-26,133992.265625,134893.000000,116055.992188,119482.445313,119482.445313,99657
2021-08-27,119566.242188,147168.734375,118264.562500,147085.687500,147085.687500,1268115
2021-08-28,147090.859375,168571.187500,146999.187500,165214.093750,165214.093750,288723
2021-08-29,165300.593750,166749.406250,148670.718750,148709.359375,148709.359375,271259
2021-08-30,148701.484375,148705.718750,129064.398438,132059.625000,132059.625000,375858
2021-08-31,132120.390625,133669.828125,130865.765625,132373.718750,132373.718750,332451
2021-09-01,132376.703125,136288.343750,120971.351563,128183.125000,128183.125000,318670
2021-09-02,128368.000000,128787.054688,126608.085938,127718.125000,127718.125000,20321
2021-09-03,127691.093750,133646.656250,125744.476563,130024.101563,130024.101563,18740
2021-09-04,129992.281250,131529.328125,126614.601563,127904.335938,127904.335938,23453
2021-09-05,127954.476563,130670.078125,118959.210938,122672.421875,122672.421875,96706
2021-09-06,122691.742188,122904.585938,109922.625000,118579.000000,118579.000000,113577
2021-09-07,118579.796875,119515.265625,100730.390625,103936.429688,103936.429688,31136
2021-09-08,104029.734375,106664.218750,94609.429688,99871.531250,99871.531250,31951
2021-09-09,99267.500000,101575.515625,83928.492188,84730.750000,84730.750000,141201
2021-09-10,84647.093750,95129.929688,82798.695313,90240.164063,90240.164063,180989
2021-09-11,90244.328125,99266.554688,90244.328125,98012.671875,98012.671875,93653
2021-09-12,97976.406250,104561.156250,91060.257813,103450.867188,103450.867188,67351
2021-09-13,103433.507813,104237.703125,95681.390625,99629.656250,99629.656250,199
2021-09-14,99633.320313,101782.601563,98083.242188,101457.976563,101457.976563,11818
2021-09-15,101485.242188,111789.453125,101485.242188,110681.781250,110681.781250,119365
2021-09-16,110718.617188,113106.289063,107758.765625,109759.539063,109759.539063,19984
2021-09-17,109675.914063,126324.445313,106710.093750,123099.968750,123099.968750,27419
2021-09-18,123106.140625,123295.195313,104079.226563,105863.390625,105863.390625,14759
2021-09-19,106003.898438,106238.898438,101706.304688,102392.023438,102392.023438,1991
2021-09-20,102397.570313,102563.382813,75833.343750,83690.445313,83690.445313,175666
2021-09-21,83690.445313,88121.742188,76852.554688,79714.937500,79714.937500,42644
2021-09-22,79722.851563,82809.648438,74674.304688,81605.828125,81605.828125,28156
2021-09-23,81602.585938,87217.585938,79371.710938,84931.531250,84931.531250,31828
2021-09-24,84941.062500,87174.000000,75818.187500,80639.609375,80639.609375,16807
2021-09-25,80667.093750,81485.148438,78088.203125,79456.000000,79456.000000,18276
2021-09-26,79423.843750,87883.296875,74919.812500,86451.531250,86451.531250,111354
2021-09-27,86326.226563,97015.531250,85492.695313,86587.718750,86587.718750,63701
2021-09-28,86589.093750,87391.945313,77940.218750,78104.187500,78104.187500,32783
2021-09-29,78004.875000,81727.179688,73743.218750,75018.695313,75018.695313,113584
2021-09-30,74933.789063,83019.226563,74867.445313,82036.484375,82036.484375,9031
2021-10-01,82037.421875,94810.562500,79629.078125,94232.382813,94232.382813,202948
2021-10-02,94239.171875,118902.703125,91639.445313,116785.093750,116785.093750,660976
2021-10-03,116615.085938,132465.359375,115549.726563,128791.734375,128791.734375,261482
2021-10-04,128849.007813,129092.164063,120485.476563,121348.109375,121348.109375,267693
2021-10-05,121372.218750,122966.445313,110314.359375,114024.687500,114024.687500,340423
2021-10-06,113832.375000,121097.132813,106637.296875,120344.265625,120344.265625,130313
2021-10-07,120416.710938,124677.210938,117065.312500,120800.898438,120800.898438,3569
2021-10-08,120653.101563,123569.500000,118676.359375,118968.242188,118968.242188,86736
2021-10-09,118928.609375,119182.203125,106201.507813,109922.148438,109922.148438,713027
2021-10-10,109797.515625,113034.453125,105974.835938,106490.296875,106490.296875,303897
2021-10-11,106392.585938,111422.554688,103130.703125,104654.148438,104654.148438,145766
2021-10-12,104585.992188,104674.109375,99040.281250,102634.875000,102634.875000,27212
2021-10-13,102674.593750,105925.453125,100896.328125,105740.359375,105740.359375,19866
2021-10-14,105809.390625,110379.828125,99393.359375,100830.367188,100830.367188,612908
2021-10-15,100710.039063,103600.710938,98509.742188,101810.445313,101810.445313,1952
2021-10-16,101950.078125,106077.398438,100517.257813,103742.835938,103742.835938,3112
2021-10-17,103740.210938,105226.296875,93670.054688,97243.359375,97243.359375,34437
2021-10-18,97333.414063,98799.828125,87635.406250,93628.656250,93628.656250,163114
2021-10-19,93614.281250,98843.257813,90291.585938,92500.687500,92500.687500,50739
2021-10-20,92070.304688,100175.742188,90880.992188,100175.742188,100175.742188,50285
2021-10-21,100002.625000,102137.351563,94741.570313,96330.179688,96330.179688,27255
2021-10-22,96227.843750,98488.570313,90612.132813,92185.000000,92185.000000,78590
2021-10-23,92250.695313,96767.515625,89404.312500,93994.125000,93994.125000,49154
2021-10-24,94083.296875,96389.828125,89662.703125,92174.101563,92174.101563,41
2021-10-25,92031.578125,94839.796875,91422.273438,94260.835938,94260.835938,5200
2021-10-26,94444.460938,99076.851563,90966.929688,92330.156250,92330.156250,0
2021-10-27,92283.312500,95098.773438,79624.421875,80373.156250,80373.156250,58456
2021-10-28,80483.234375,93656.523438,79799.242188,93607.890625,93607.890625,326578
2021-10-29,93707.179688,108141.921875,92979.406250,104103.968750,104103.968750,226760
2021-10-30,104184.515625,104722.453125,97058.757813,98546.210938,98546.210938,4551
2021-10-31,98919.804688,101506.601563,95838.289063,99073.078125,99073.078125,235
2021-11-01,99094.562500,110683.812500,95525.210938,103953.953125,103953.953125,15899
2021-11-02,104054.882813,124259.351563,103566.453125,119914.914063,119914.914063,105484
2021-11-03,119973.898438,127755.718750,119962.492188,126390.929688,126390.929688,163010
2021-11-04,126280.515625,126280.515625,107992.117188,110220.078125,110220.078125,209817
2021-11-05,110071.968750,114193.382813,108615.085938,111956.898438,111956.898438,11343
2021-11-06,112059.226563,114291.414063,103427.507813,113203.296875,113203.296875,7252
2021-11-07,113304.093750,117777.101563,108951.773438,110844.859375,110844.859375,33849
2021-11-08,110725.492188,115891.078125,108382.484375,114199.343750,114199.343750,12331
2021-11-09,114386.882813,115309.429688,102896.742188,103030.382813,103030.382813,68663
2021-11-10,103019.656250,104939.414063,98269.476563,103216.312500,103216.312500,39258
2021-11-11,103290.679688,116425.203125,100732.375000,116156.601563,116156.601563,185648
2021-11-12,116259.820313,125447.117188,115848.046875,124267.476563,124267.476563,79168
2021-11-13,124242.039063,128121.617188,120941.039063,122027.101563,122027.101563,2170
2021-11-14,122377.585938,134353.562500,122116.062500,132431.859375,132431.859375,87943
2021-11-15,132390.296875,135379.140625,131771.296875,132312.953125,132312.953125,15378
2021-11-16,132219.828125,923827.812500,0.000000,117024.789063,117024.789063,396602
2021-11-17,116941.664063,203991.859375,0.000000,109393.554688,109393.554688,52622
2021-11-18,109442.757813,110689.585938,97354.085938,99121.703125,99121.703125,77473
2021-11-19,99155.937500,112051.671875,99138.664063,111991.007813,111991.007813,123005
2021-11-20,111974.859375,115065.632813,109077.273438,110108.296875,110108.296875,42580
2021-11-21,110108.296875,111517.890625,108623.054688,109603.687500,109603.687500,14599
2021-11-22,109598.664063,109598.664063,99230.390625,101449.945313,101449.945313,229412
2021-11-23,101448.531250,109387.320313,101263.953125,105800.242188,105800.242188,10351
2021-11-24,105848.109375,106886.187500,102764.804688,104782.781250,104782.781250,78
2021-11-25,105819.054688,106016.632813,85533.992188,95159.773438,95159.773438,224381
2021-11-26,100192.492188,101986.750000,84650.281250,85478.632813,85478.632813,37707
2021-11-27,85383.476563,107046.617188,85302.585938,106690.492188,106690.492188,682923
2021-11-28,106745.898438,109597.625000,101009.710938,109597.625000,109597.625000,26565
2021-11-29,109568.570313,114257.078125,109479.500000,114125.062500,114125.062500,4082
2021-11-30,114150.562500,120938.140625,112815.359375,120332.359375,120332.359375,5320
2021-12-01,120294.171875,126250.640625,113925.757813,114216.843750,114216.843750,2907
2021-12-02,114221.257813,116495.312500,112504.304688,112504.304688,112504.304688,16057
2021-12-03,112426.718750,114238.851563,97618.210938,98749.460938,98749.460938,30214
2021-12-04,98742.500000,98742.500000,88964.984375,93774.046875,93774.046875,7907
2021-12-05,93742.710938,102433.234375,90960.468750,100544.171875,100544.171875,75507
2021-12-06,100584.835938,101750.937500,93773.960938,101483.476563,101483.476563,101828
2021-12-07,101573.976563,112463.890625,101568.671875,108490.507813,108490.507813,72925
2021-12-08,108494.578125,109044.164063,105220.156250,108112.562500,108112.562500,10716
2021-12-09,108115.304688,113044.828125,103134.671875,103821.085938,103821.085938,48115
2021-12-10,103758.734375,104338.406250,93751.734375,93804.500000,93804.500000,40554
2021-12-11,93778.210938,100600.703125,92051.062500,99167.453125,99167.453125,108993
2021-12-12,99154.335938,100666.359375,97863.953125,100494.164063,100494.164063,613
2021-12-13,100500.515625,101010.265625,90484.187500,100622.257813,100622.257813,41781
2021-12-14,100592.351563,104423.078125,99099.820313,101235.179688,101235.179688,134543
2021-12-15,101251.773438,104038.757813,92607.140625,103773.804688,103773.804688,29108
2021-12-16,103791.101563,105495.828125,103050.242188,103255.617188,103255.617188,4894
2021-12-17,103145.851563,108335.695313,96133.429688,104814.882813,104814.882813,62098
2021-12-18,104841.210938,108396.328125,103070.828125,108235.335938,108235.335938,5685
2021-12-19,108224.609375,109394.296875,102861.234375,103359.703125,103359.703125,92019
2021-12-20,103359.703125,103693.296875,99797.054688,103212.070313,103212.070313,1055
2021-12-21,103190.148438,106334.710938,103168.367188,106241.945313,106241.945313,2859
2021-12-22,106181.687500,107356.000000,104334.187500,104405.101563,104405.101563,991
2021-12-23,104438.242188,108136.281250,103090.773438,108087.257813,108087.257813,0
2021-12-24,108049.835938,108444.585938,100639.789063,100864.593750,100864.593750,27630
2021-12-25,100954.289063,103354.750000,99535.195313,100709.640625,100709.640625,13026
2021-12-26,100337.273438,103196.804688,98518.085938,102762.648438,102762.648438,847
2021-12-27,102774.718750,114068.898438,100027.046875,110234.265625,110234.265625,140176
2021-12-28,110232.507813,110268.195313,102394.578125,102623.585938,102623.585938,3196
2021-12-29,102634.828125,104276.132813,97142.296875,97383.859375,97383.859375,24679
2021-12-30,97308.062500,99733.664063,95942.703125,96674.367188,96674.367188,9175
2021-12-31,96697.968750,98769.140625,95295.140625,96565.601563,96565.601563,0
2022-01-01,96565.601563,96565.601563,92808.406250,94378.640625,94378.640625,11101
2022-01-02,94378.640625,96366.515625,92465.781250,96151.242188,96151.242188,22513
2022-01-03,96151.242188,96539.171875,86063.750000,87827.476563,87827.476563,166729
2022-01-04,87827.476563,93249.984375,87296.789063,88571.164063,88571.164063,17608
2022-01-05,88571.164063,89657.171875,81105.023438,83530.601563,83530.601563,1947
2022-01-06,83530.601563,86427.414063,79784.296875,82213.351563,82213.351563,224847
2022-01-07,82213.351563,82259.281250,66227.437500,70703.984375,70703.984375,72221
2022-01-08,70703.984375,72329.671875,68516.031250,71355.937500,71355.937500,34664
2022-01-09,71355.937500,81109.335938,69190.054688,79683.132813,79683.132813,97521
2022-01-10,79683.132813,81380.000000,75741.273438,81317.945313,81317.945313,21761
2022-01-11,81317.945313,84497.914063,78472.023438,84097.593750,84097.593750,14336
2022-01-12,84097.593750,85507.804688,82232.757813,84096.875000,84096.875000,252
2022-01-13,84096.875000,85914.632813,81146.882813,85900.382813,85900.382813,8230
2022-01-14,85900.382813,87335.898438,81150.656250,86618.929688,86618.929688,2255
2022-01-15,86618.929688,86886.625000,83870.617188,86137.414063,86137.414063,10080
2022-01-16,86137.414063,86781.585938,83358.437500,83563.648438,83563.648438,37540
2022-01-17,83563.187500,83570.593750,77511.593750,80898.500000,80898.500000,39205
2022-01-18,80898.500000,81608.156250,76954.023438,78495.992188,78495.992188,8153
2022-01-19,78495.992188,79613.867188,73026.539063,78949.640625,78949.640625,64087
2022-01-20,78949.640625,82348.835938,75905.906250,75905.906250,75905.906250,45557
2022-01-21,75901.734375,76552.007813,54203.410156,60041.574219,60041.574219,653166
2022-01-22,60041.574219,69966.289063,56481.636719,58279.562500,58279.562500,172955
2022-01-23,58279.562500,70676.468750,58182.855469,70352.296875,70352.296875,312280
2022-01-24,70352.296875,80277.109375,59136.617188,80014.773438,80014.773438,228442
2022-01-25,80014.773438,87496.406250,75844.226563,85870.796875,85870.796875,52821
2022-01-26,85870.796875,100895.921875,84654.218750,98714.632813,98714.632813,182503
2022-01-27,98714.632813,98725.359375,74530.312500,87946.320313,87946.320313,242057
2022-01-28,87946.640625,105924.968750,87451.335938,105760.453125,105760.453125,227007
2022-01-29,105762.718750,109592.539063,103724.476563,103870.671875,103870.671875,135300
2022-01-30,103870.648438,105160.875000,101016.640625,102963.484375,102963.484375,49686
2022-01-31,102962.984375,105750.882813,97284.507813,105499.101563,105499.101563,31033
2022-02-01,105499.101563,111472.320313,105464.351563,111249.343750,111249.343750,47961
2022-02-02,111249.343750,111263.070313,101067.625000,102403.460938,102403.460938,109487
2022-02-03,102403.460938,104730.601563,99159.296875,104699.257813,104699.257813,151530
2022-02-04,104699.257813,117033.242188,104247.500000,117033.242188,117033.242188,52884
2022-02-05,117034.117188,119791.015625,116507.578125,118413.671875,118413.671875,7073
2022-02-06,118413.101563,120000.359375,116299.226563,119795.718750,119795.718750,51729
2022-02-07,119797.187500,121148.937500,114993.187500,117686.156250,117686.156250,84139
2022-02-08,117686.132813,119742.500000,110613.179688,112597.593750,112597.593750,58783
2022-02-09,112597.250000,119266.281250,110562.117188,119100.281250,119100.281250,12066
2022-02-10,119100.281250,119843.828125,112426.070313,112434.523438,112434.523438,1723
2022-02-11,112431.585938,115200.171875,99157.226563,103820.421875,103820.421875,68262
2022-02-12,103820.140625,104699.468750,95749.734375,99298.835938,99298.835938,74793
2022-02-13,99320.546875,100226.585938,95687.320313,96794.601563,96794.601563,9060
2022-02-14,96794.601563,97689.867188,94367.140625,96927.570313,96927.570313,22573
2022-02-15,96927.000000,105618.171875,96419.710938,105595.679688,105595.679688,31
2022-02-16,105591.539063,106223.968750,100705.289063,102522.046875,102522.046875,890
2022-02-17,102518.257813,103108.000000,93054.906250,93782.132813,93782.132813,9259
2022-02-18,93782.132813,95082.101563,83730.812500,84239.164063,84239.164063,37110
2022-02-19,84239.210938,85940.843750,82518.632813,84055.898438,84055.898438,3644
2022-02-20,84055.890625,84221.781250,79648.476563,81138.515625,81138.515625,149
2022-02-21,81137.085938,83953.742188,76822.257813,77328.101563,77328.101563,5371
2022-02-22,77328.296875,81108.406250,75536.312500,81001.195313,81001.195313,3944
2022-02-23,80999.234375,84046.179688,78911.242188,83021.953125,83021.953125,43576
2022-02-24,83021.953125,83021.953125,61044.703125,69594.210938,69594.210938,117760
2022-02-25,69594.210938,76808.203125,69506.148438,75205.257813,75205.257813,4104
2022-02-26,75206.109375,81500.085938,75206.109375,79642.210938,79642.210938,37998
2022-02-27,79642.000000,80737.054688,73561.445313,74736.382813,74736.382813,612
2022-02-28,74736.382813,83318.406250,74139.039063,83157.039063,83157.039063,11674
2022-03-01,83157.039063,86347.007813,81883.476563,84846.625000,84846.625000,603
2022-03-02,84846.617188,86467.257813,83452.320313,84344.835938,84344.835938,8
2022-03-03,84344.476563,84595.484375,76763.007813,77956.804688,77956.804688,26844
2022-03-04,77956.750000,77956.750000,69972.820313,70835.101563,70835.101563,17
2022-03-05,70837.570313,73386.882813,70466.929688,72558.539063,72558.539063,5955
2022-03-06,72558.539063,72743.500000,67217.156250,67343.640625,67343.640625,40523
2022-03-07,67343.640625,69848.562500,64603.199219,65511.210938,65511.210938,6861
2022-03-08,65511.210938,69608.039063,65511.210938,68494.179688,68494.179688,1243
2022-03-09,68487.843750,75231.304688,68396.781250,74315.484375,74315.484375,12902
2022-03-10,74315.484375,75192.968750,69655.203125,75149.789063,75149.789063,29811
2022-03-11,75149.789063,76681.671875,72019.039063,73045.281250,73045.281250,4662
2022-03-12,73045.281250,73746.953125,72683.625000,72796.703125,72796.703125,3915
2022-03-13,72796.703125,73901.117188,70109.671875,70471.601563,70471.601563,11930
2022-03-14,70471.601563,72919.835938,70172.789063,72075.539063,72075.539063,3243
2022-03-15,72075.539063,74270.406250,70621.718750,72104.882813,72104.882813,253
2022-03-16,72104.882813,80720.507813,71871.148438,80276.171875,80276.171875,18355
2022-03-17,80276.171875,81660.375000,76568.726563,81548.039063,81548.039063,53337
2022-03-18,81548.039063,81548.453125,74189.109375,80764.312500,80764.312500,105194
2022-03-19,80764.390625,81653.687500,79975.867188,81329.703125,81329.703125,111
2022-03-20,81329.757813,81627.320313,76668.601563,76681.820313,76681.820313,509
2022-03-21,76681.820313,81108.375000,76147.359375,79945.820313,79945.820313,581
2022-03-22,79945.789063,83564.531250,75637.484375,80412.984375,80412.984375,61122
2022-03-23,80412.890625,82218.601563,78079.140625,80252.093750,80252.093750,9397
2022-03-24,80251.890625,82725.843750,79893.304688,82553.351563,82553.351563,6623
2022-03-25,82553.507813,84710.367188,82245.632813,82250.179688,82250.179688,3454
2022-03-26,82250.289063,85793.750000,82119.789063,85777.765625,85777.765625,34101
2022-03-27,85777.640625,87031.890625,81805.031250,87018.070313,87018.070313,27828
2022-03-28,87018.531250,91508.781250,86866.984375,89302.656250,89302.656250,12337
2022-03-29,89302.203125,94365.984375,89302.203125,91741.085938,91741.085938,4374
2022-03-30,91741.117188,93198.453125,90263.828125,90585.078125,90585.078125,6603
2022-03-31,90585.234375,91707.843750,87176.859375,87289.437500,87289.437500,903
2022-04-01,87291.492188,92555.789063,86545.015625,91903.656250,91903.656250,12909
2022-04-02,91903.476563,94041.656250,90138.546875,90138.546875,90138.546875,7620
2022-04-03,90138.585938,93734.617188,89511.609375,92542.640625,92542.640625,9156
2022-04-04,92542.828125,93054.843750,88946.640625,92820.953125,92820.953125,7820
2022-04-05,92820.992188,93668.429688,90274.773438,90274.773438,90274.773438,1366
2022-04-06,90259.671875,90943.648438,85069.414063,85069.414063,85069.414063,15165
2022-04-07,85069.500000,87496.109375,78827.054688,81768.484375,81768.484375,30132
2022-04-08,81768.085938,81814.296875,76792.265625,76937.820313,76937.820313,27116
2022-04-09,76938.750000,78866.703125,75913.515625,78866.703125,78866.703125,12004
2022-04-10,78866.531250,80553.585938,77996.148438,78098.765625,78098.765625,3795
2022-04-11,78098.398438,78098.398438,68423.484375,69064.820313,69064.820313,18849
2022-04-12,69064.835938,71223.453125,68423.335938,70005.570313,70005.570313,14542
2022-04-13,70004.578125,70854.507813,61038.132813,70466.328125,70466.328125,475202
2022-04-14,70466.132813,70908.179688,68408.304688,69152.210938,69152.210938,5611
2022-04-15,69152.234375,69580.445313,68204.906250,69073.210938,69073.210938,0
2022-04-16,69073.398438,69241.125000,67947.921875,68976.546875,68976.546875,3213022
2022-04-17,68976.539063,69020.531250,65469.113281,65487.664063,65487.664063,1173
2022-04-18,65488.015625,66340.859375,63504.855469,66326.250000,66326.250000,2515761
2022-04-19,66326.882813,72734.296875,65773.234375,72726.890625,72726.890625,50430
2022-04-20,72726.734375,73044.500000,69409.500000,71545.351563,71545.351563,51241
2022-04-21,71545.070313,73936.968750,67236.796875,67752.445313,67752.445313,642141
2022-04-22,67752.851563,68669.710938,62379.871094,67432.023438,67432.023438,211025
2022-04-23,67432.109375,67478.664063,63402.070313,63585.285156,63585.285156,66332
2022-04-24,63585.031250,63765.074219,58958.980469,59222.472656,59222.472656,63697
2022-04-25,59222.316406,61788.792969,57130.968750,61756.335938,61756.335938,13209
2022-04-26,61755.656250,63261.160156,56792.210938,57046.832031,57046.832031,276780
2022-04-27,57046.609375,59413.824219,57046.609375,58872.671875,58872.671875,10811
2022-04-28,58872.964844,60735.578125,58508.082031,59935.031250,59935.031250,4478
2022-04-29,59934.742188,60059.722656,50305.976563,51234.402344,51234.402344,101898
2022-04-30,51234.402344,52404.921875,35521.285156,39433.492188,39433.492188,193262
2022-05-01,39433.640625,43146.273438,37851.605469,42991.988281,42991.988281,28094
2022-05-02,42991.949219,46867.167969,41329.976563,41811.957031,41811.957031,9452
2022-05-03,41811.984375,42147.843750,40776.601563,41223.250000,41223.250000,2235
2022-05-04,41223.171875,43704.859375,39813.324219,43241.554688,43241.554688,17631
2022-05-05,43241.492188,43463.343750,39861.832031,42191.039063,42191.039063,26174
2022-05-06,42191.183594,42323.976563,40159.375000,40928.429688,40928.429688,7901
2022-05-07,40928.457031,40928.457031,39368.875000,39999.835938,39999.835938,782
2022-05-08,39999.812500,39999.812500,37871.984375,38168.070313,38168.070313,3996
2022-05-09,38168.027344,38310.390625,32662.509766,32662.509766,32662.509766,12442
2022-05-10,32662.451172,35656.546875,32008.056641,34057.050781,34057.050781,528
2022-05-11,34056.976563,35045.949219,28212.386719,29078.458984,29078.458984,28593
2022-05-12,29078.677734,30294.949219,24302.960938,26204.496094,26204.496094,2238
2022-05-13,26203.423828,29872.431641,25891.708984,28087.609375,28087.609375,993
2022-05-14,28087.238281,28797.322266,27017.779297,28441.466797,28441.466797,234
2022-05-15,28441.402344,31085.337891,27728.062500,30922.564453,30922.564453,6724
2022-05-16,30922.292969,30922.292969,26513.558594,27922.546875,27922.546875,6923
2022-05-17,27922.488281,30427.136719,27873.318359,30204.341797,30204.341797,5788
2022-05-18,30203.261719,30320.326172,27323.109375,27325.207031,27325.207031,3862
2022-05-19,27325.175781,29039.238281,27138.044922,27479.345703,27479.345703,4957
2022-05-20,27479.574219,27775.466797,25901.279297,26373.355469,26373.355469,1951
2022-05-21,26373.810547,27981.056641,26089.226563,27887.646484,27887.646484,2123
2022-05-22,27887.648438,28870.382813,27811.035156,28870.312500,28870.312500,281
2022-05-23,28870.289063,29334.310547,27729.656250,27821.603516,27821.603516,642
2022-05-24,27821.558594,28305.576172,27098.546875,28279.503906,28279.503906,1987
2022-05-25,28279.503906,28763.068359,27712.632813,27712.707031,27712.707031,491
2022-05-26,27712.660156,27907.925781,23606.089844,24267.419922,24267.419922,4398
2022-05-27,24267.402344,24423.460938,21874.759766,21912.898438,21912.898438,2004
2022-05-28,22497.867188,23036.123047,21912.917969,22961.556641,22961.556641,585
2022-05-29,22961.468750,23247.066406,22555.667969,23178.380859,23178.380859,0
2022-05-30,23178.373047,25545.306641,23096.259766,25403.099609,25403.099609,701
2022-05-31,25403.166016,25494.099609,24630.281250,24795.943359,24795.943359,0
2022-06-01,24795.900391,25001.537109,22637.205078,23273.273438,23273.273438,0
2022-06-02,23272.849609,24705.082031,23061.593750,24613.408203,24613.408203,1945
2022-06-03,24613.404297,25299.527344,23360.330078,25117.449219,25117.449219,3505
2022-06-04,25117.375000,25657.906250,24791.962891,25462.888672,25462.888672,0
2022-06-05,25462.857422,25777.339844,25160.183594,25574.703125,25574.703125,0
2022-06-06,25574.541016,27219.902344,25569.914063,26337.812500,26337.812500,1390
2022-06-07,26337.890625,26339.734375,24501.605469,25595.195313,25595.195313,997
2022-06-08,25595.146484,25780.277344,25001.775391,25306.949219,25306.949219,0
2022-06-09,25315.210938,25755.480469,25128.970703,25187.152344,25187.152344,0
2022-06-10,25187.134766,26189.115234,24183.466797,24186.148438,24186.148438,5926
2022-06-11,24186.121094,24406.720703,21930.578125,22254.419922,22254.419922,0
2022-06-12,22254.412109,22389.367188,19688.296875,20020.943359,20020.943359,10248
2022-06-13,20021.201172,20052.837891,14080.383789,15102.067383,15102.067383,21302
2022-06-14,15102.069336,15608.425781,13659.344727,14782.681641,14782.681641,1025
2022-06-15,14782.628906,14903.961914,11083.769531,14586.223633,14586.223633,7084
2022-06-16,14586.381836,14862.991211,12711.847656,13396.576172,13396.576172,20938
2022-06-17,13396.616211,14329.290039,13287.921875,14187.416992,14187.416992,857
2022-06-18,14187.373047,14293.556641,11647.438477,13937.349609,13937.349609,2320
2022-06-19,13937.346680,18156.865234,13198.894531,17896.546875,17896.546875,16766
2022-06-20,17896.585938,19742.759766,16884.269531,19742.451172,19742.451172,26335
2022-06-21,19741.900391,24987.187500,18222.945313,23266.908203,23266.908203,123542
2022-06-22,23253.705078,24743.320313,21091.392578,24012.445313,24012.445313,59929
2022-06-23,24012.433594,29572.132813,23980.222656,29032.751953,29032.751953,75298
2022-06-24,29033.720703,31478.240234,28571.541016,30708.712891,30708.712891,63734
2022-06-25,30708.914063,30708.914063,29080.378906,29545.978516,29545.978516,8574
2022-06-26,29545.908203,30447.804688,26861.697266,26865.369141,26865.369141,11623
2022-06-27,26865.074219,27379.451172,26235.867188,26842.386719,26842.386719,7873
2022-06-28,26842.279297,28399.132813,25543.839844,27151.298828,27151.298828,30906
2022-06-29,27151.298828,27271.156250,25438.833984,25555.568359,25555.568359,3338
2022-06-30,25555.007813,25688.480469,20588.767578,21806.572266,21806.572266,25350
2022-07-01,21806.761719,22447.990234,21182.425781,21299.087891,21299.087891,3443
2022-07-02,21299.167969,21550.025391,20743.910156,21427.859375,21427.859375,63
2022-07-03,21427.908203,21957.933594,21031.406250,21738.812500,21738.812500,1657
2022-07-04,21738.828125,23330.611328,21216.302734,23327.427734,23327.427734,0
2022-07-05,23326.113281,23743.697266,22577.722656,23026.169922,23026.169922,3404
2022-07-06,23026.128906,24807.136719,22623.732422,24655.302734,24655.302734,4344
2022-07-07,24655.300781,27289.691406,23942.462891,26979.898438,26979.898438,25083
2022-07-08,26979.958984,27571.054688,26033.015625,26663.535156,26663.535156,699
2022-07-09,26662.703125,27654.363281,26246.720703,27644.806641,27644.806641,10479
2022-07-10,27644.964844,27664.322266,26300.636719,26490.380859,26490.380859,0
2022-07-11,26490.359375,26513.917969,23481.771484,23542.228516,23542.228516,36954
2022-07-12,23542.037109,23665.220703,22508.359375,22508.359375,22508.359375,2396
2022-07-13,22506.056641,23639.140625,21400.738281,23385.677734,23385.677734,6196
2022-07-14,23385.919922,27027.027344,22632.017578,26860.232422,26860.232422,15948
2022-07-15,26860.078125,30381.058594,26668.906250,29343.115234,29343.115234,8531
2022-07-16,29343.130859,32034.878906,28104.287109,31337.400391,31337.400391,3741
2022-07-17,31337.248047,33282.480469,31335.503906,32283.753906,32283.753906,8962
2022-07-18,32283.414063,37627.804688,32212.384766,37554.199219,37554.199219,6191
2022-07-19,37554.210938,38359.652344,36028.464844,36887.273438,36887.273438,377
2022-07-20,36887.308594,38551.011719,35794.816406,36463.082031,36463.082031,16
2022-07-21,36463.222656,38064.023438,35282.437500,37686.429688,37686.429688,274
2022-07-22,37686.539063,38001.820313,33058.730469,33328.695313,33328.695313,33572
2022-07-23,33328.808594,34488.300781,32490.916016,33662.828125,33662.828125,4
2022-07-24,33662.875000,35178.480469,33640.765625,34062.910156,34062.910156,7156
2022-07-25,34062.843750,35085.605469,31490.330078,31490.330078,31490.330078,30405
2022-07-26,31488.115234,31488.115234,29392.947266,31014.583984,31014.583984,5624
2022-07-27,31016.207031,39790.535156,30739.130859,39790.535156,39790.535156,29182
2022-07-28,39790.398438,42684.867188,38871.738281,39702.257813,39702.257813,11813
2022-07-29,39702.292969,41466.488281,38342.277344,40765.238281,40765.238281,4756
2022-07-30,40766.164063,40992.007813,39587.691406,39921.136719,39921.136719,0
2022-07-31,39920.949219,41170.738281,39485.398438,39774.671875,39774.671875,215
2022-08-01,39774.582031,40012.765625,37905.097656,38349.832031,38349.832031,1422
2022-08-02,38349.800781,38711.773438,35817.757813,37038.445313,37038.445313,6415
2022-08-03,37038.382813,37038.382813,34531.281250,34653.035156,34653.035156,12575
2022-08-04,34653.191406,35505.640625,33927.332031,34350.667969,34350.667969,411
2022-08-05,34350.507813,35588.257813,31232.652344,33557.195313,33557.195313,18450
2022-08-06,33557.265625,35630.554688,32798.304688,32825.027344,32825.027344,46932
2022-08-07,32823.992188,35986.617188,32404.988281,35451.843750,35451.843750,75625
2022-08-08,35451.917969,36174.941406,33800.878906,34627.613281,34627.613281,8913
2022-08-09,34628.332031,34849.113281,32395.236328,32891.582031,32891.582031,1912
2022-08-10,32891.183594,38161.683594,32176.353516,38095.480469,38095.480469,185917
2022-08-11,38104.386719,39454.203125,38093.062500,38515.949219,38515.949219,1690
2022-08-12,38514.667969,39897.882813,37995.949219,39897.882813,39897.882813,260
2022-08-13,39906.949219,40776.894531,39604.542969,40228.113281,40228.113281,1671
2022-08-14,40237.703125,40797.816406,37617.230469,38035.695313,38035.695313,11609
2022-08-15,38013.554688,38527.945313,34398.519531,34692.968750,34692.968750,3545
2022-08-16,34678.472656,47946.113281,34126.531250,34853.953125,34853.953125,17325
2022-08-17,34851.273438,36411.667969,34135.085938,34236.109375,34236.109375,2787
2022-08-18,34235.164063,37236.042969,34122.292969,36793.035156,36793.035156,3125
2022-08-19,36798.628906,36800.242188,29342.287109,29374.064453,29374.064453,8948
2022-08-20,29369.400391,30172.095703,28119.609375,28846.386719,28846.386719,214
2022-08-21,28846.283203,30699.267578,28802.208984,29942.419922,29942.419922,1923
2022-08-22,29952.976563,29952.976563,28467.583984,29771.324219,29771.324219,0
2022-08-23,29750.722656,30676.847656,29112.894531,30617.810547,30617.810547,185
2022-08-24,30621.091797,30931.523438,29755.367188,30510.419922,30510.419922,302
2022-08-25,30499.642578,31711.972656,30495.158203,31117.554688,31117.554688,0
2022-08-26,31109.015625,31262.679688,27646.003906,27722.322266,27722.322266,530
2022-08-27,27729.025391,27916.687500,26409.990234,27298.775391,27298.775391,1386
2022-08-28,27291.857422,27528.398438,26502.912109,26502.912109,26502.912109,0
2022-08-29,26500.390625,28495.843750,26350.384766,28451.136719,28451.136719,197
2022-08-30,28443.228516,29825.921875,27094.058594,27095.931641,27095.931641,12687
2022-08-31,27095.082031,28790.902344,27095.082031,28060.830078,28060.830078,77
2022-09-01,28081.882813,28303.716797,25522.744141,26451.693359,26451.693359,3374
2022-09-02,26458.265625,27618.457031,26025.046875,26544.822266,26544.822266,1804
2022-09-03,26524.408203,26561.513672,25884.812500,26105.464844,26105.464844,0
2022-09-04,26105.740234,26473.457031,25930.255859,26258.324219,26258.324219,240
2022-09-05,26258.783203,27243.529297,26127.378906,27209.572266,27209.572266,289
2022-09-06,27211.037109,28363.986328,26579.300781,26582.917969,26582.917969,413
2022-09-07,26583.437500,26605.236328,22300.068359,25247.136719,25247.136719,17679
2022-09-08,25247.171875,26303.382813,25127.656250,25774.871094,25774.871094,4233
2022-09-09,25775.175781,27212.156250,25756.371094,27098.816406,27098.816406,302
2022-09-10,27101.337891,28199.023438,27006.400391,28127.146484,28127.146484,0
2022-09-11,28132.265625,28409.142578,27778.423828,28180.263672,28180.263672,3036
2022-09-12,28187.095703,28405.492188,27364.562500,27501.126953,27501.126953,46
2022-09-13,27507.562500,27936.617188,24940.548828,25133.607422,25133.607422,0
2022-09-14,25115.697266,26702.658203,24940.548828,26639.457031,26639.457031,0
2022-09-15,26639.464844,26804.896484,23403.490234,23536.929688,23536.929688,925
2022-09-16,23556.720703,23837.074219,22894.919922,23168.242188,23168.242188,688
2022-09-17,23169.535156,23739.050781,22924.458984,23699.134766,23699.134766,14
2022-09-18,23710.500000,23710.500000,21277.113281,21389.576172,21389.576172,923
2022-09-19,21405.238281,22325.945313,20829.482422,22172.847656,22172.847656,808
2022-09-20,22157.101563,22232.136719,21040.955078,21090.828125,21090.828125,291
2022-09-21,21087.572266,22160.259766,19817.544922,20022.019531,20022.019531,241
2022-09-22,20012.005859,21516.615234,19651.798828,21457.126953,21457.126953,5274
2022-09-23,21457.541016,21939.605469,20666.712891,21506.335938,21506.335938,280
2022-09-24,21501.458984,21879.861328,21271.185547,21370.546875,21370.546875,140
2022-09-25,21362.685547,21685.455078,20813.708984,21076.085938,21076.085938,0
2022-09-26,21067.742188,22600.416016,20896.117188,22559.179688,22559.179688,2206
2022-09-27,22561.580078,23666.535156,22148.943359,22433.951172,22433.951172,387
2022-09-28,22432.224609,22697.324219,21324.529297,22497.910156,22497.910156,55
2022-09-29,22492.822266,23166.328125,21615.728516,23114.054688,23114.054688,2244
2022-09-30,23109.501953,23798.955078,22240.562500,22536.912109,22536.912109,320
2022-10-01,22532.476563,22936.585938,22134.351563,22245.230469,22245.230469,2253
2022-10-02,22251.476563,22686.390625,21953.917969,21991.236328,21991.236328,149
2022-10-03,21993.039063,22813.675781,21580.910156,22763.822266,22763.822266,542
2022-10-04,22766.937500,23364.777344,22659.796875,23308.236328,23308.236328,0
2022-10-05,23302.076172,23302.076172,22272.015625,22932.494141,22932.494141,152
2022-10-06,22945.593750,24526.261719,22914.005859,23412.013672,23412.013672,5443
2022-10-07,23419.339844,23566.966797,22662.527344,22829.400391,22829.400391,0
2022-10-08,22839.136719,23145.509766,22213.349609,22357.900391,22357.900391,1775
2022-10-09,22364.632813,22962.917969,22229.564453,22885.587891,22885.587891,1146
2022-10-10,22885.587891,23110.640625,22325.207031,22339.187500,22339.187500,0
2022-10-11,22339.187500,22339.187500,22337.699219,22337.699219,22337.699219,0
2022-10-12,22337.699219,22337.699219,19567.695313,19570.632813,19570.632813,5491
2022-10-13,19570.632813,21119.537109,18897.294922,20975.308594,20975.308594,8505
2022-10-14,20975.308594,24638.511719,20909.751953,24527.031250,24527.031250,6329
2022-10-15,24527.031250,25812.369141,24292.462891,24411.095703,24411.095703,5893
2022-10-16,24411.095703,25138.191406,24411.095703,25012.529297,25012.529297,0
2022-10-17,25012.529297,25012.529297,24993.255859,24993.443359,24993.443359,0
2022-10-18,24993.443359,24993.443359,23898.757813,24261.019531,24261.019531,153
2022-10-19,24261.019531,24619.890625,23956.564453,24225.787109,24225.787109,3
2022-10-20,24213.031250,25621.802734,24011.628906,24479.353516,24479.353516,5553
2022-10-21,24498.082031,25691.583984,24060.562500,25598.492188,25598.492188,102
2022-10-22,25593.777344,27059.687500,25498.822266,26986.818359,26986.818359,6820
2022-10-23,26986.818359,28090.298828,26729.449219,27997.527344,27997.527344,0
2022-10-24,27981.568359,29126.865234,27981.568359,28851.880859,28851.880859,7523
2022-10-25,28851.880859,34499.617188,28651.347656,32703.240234,32703.240234,14484
2022-10-26,32668.121094,35846.460938,32644.931641,35460.070313,35460.070313,1225
2022-10-27,35460.070313,35687.796875,33452.437500,34011.972656,34011.972656,1500
2022-10-28,34011.972656,34605.300781,32801.816406,34362.472656,34362.472656,3025
2022-10-29,34362.472656,36838.144531,34243.894531,35095.578125,35095.578125,6071
2022-10-30,35095.578125,37701.222656,34526.464844,34833.625000,34833.625000,22438
2022-10-31,34833.625000,35609.671875,29693.871094,30105.976563,30105.976563,16498
2022-11-01,30126.779297,30894.162109,30020.000000,30323.175781,30323.175781,130
2022-11-02,30323.175781,31109.777344,28940.628906,29235.425781,29235.425781,49
2022-11-03,29216.367188,29956.203125,28470.599609,28544.550781,28544.550781,404
2022-11-04,28544.804688,30315.175781,28405.617188,29870.400391,29870.400391,5552
2022-11-05,29844.843750,30190.080078,29564.976563,29625.857422,29625.857422,179
2022-11-06,29625.826172,30525.921875,29424.490234,29488.509766,29488.509766,4950
2022-11-07,29477.722656,29858.347656,25360.681641,28406.646484,28406.646484,23641
2022-11-08,28406.646484,28565.773438,22482.900391,22646.941406,22646.941406,2491
2022-11-09,22655.671875,22706.785156,19045.718750,19522.394531,19522.394531,4094
2022-11-10,19475.992188,20952.357422,17316.662109,20187.964844,20187.964844,10930
2022-11-11,20168.210938,20401.904297,18600.976563,19337.476563,19337.476563,6177
2022-11-12,19336.281250,19369.167969,18636.972656,19097.587891,19097.587891,487
2022-11-13,19111.517578,19368.041016,18463.486328,18787.048828,18787.048828,450
2022-11-14,18791.332031,20558.992188,18081.441406,20483.634766,20483.634766,8429
2022-11-15,20485.804688,21235.150391,20292.695313,20547.943359,20547.943359,1219
2022-11-16,20554.246094,20784.021484,19509.484375,20159.681641,20159.681641,18
2022-11-17,20146.933594,20681.677734,19167.449219,20275.128906,20275.128906,2656
2022-11-18,20280.656250,21221.376953,20259.896484,20579.443359,20579.443359,311
2022-11-19,20564.376953,22014.404297,18254.544922,21428.183594,21428.183594,17740
2022-11-20,21428.183594,21538.326172,19588.919922,19635.591797,19635.591797,59
2022-11-21,19627.269531,20080.783203,19013.179688,19461.351563,19461.351563,166
2022-11-22,19463.394531,19692.437500,18635.306641,19334.207031,19334.207031,755
2022-11-23,19331.308594,20110.500000,19205.033203,19663.470703,19663.470703,489
2022-11-24,19664.779297,21003.953125,18514.931641,18989.359375,18989.359375,7645
2022-11-25,18989.359375,19371.468750,18410.042969,19282.658203,19282.658203,216
2022-11-26,19281.007813,20566.291016,19086.732422,20427.566406,20427.566406,3281
2022-11-27,20414.906250,21039.044922,20405.539063,20699.843750,20699.843750,305
2022-11-28,20699.843750,20797.667969,20017.275391,20276.242188,20276.242188,0
2022-11-29,20268.853516,24258.468750,19450.693359,24115.929688,24115.929688,17092
2022-11-30,24103.732422,26407.894531,24069.980469,25197.455078,25197.455078,14052
2022-12-01,25179.048828,25205.505859,24157.269531,24364.103516,24364.103516,1280
2022-12-02,24384.123047,25642.683594,24123.707031,25642.683594,25642.683594,7715
2022-12-03,25617.732422,25936.748047,25019.878906,25065.294922,25065.294922,242
2022-12-04,25089.501953,25902.029297,25053.953125,25896.003906,25896.003906,0
2022-12-05,25879.750000,26360.513672,25240.125000,25460.246094,25460.246094,1
2022-12-06,25460.246094,25657.669922,24638.693359,25244.128906,25244.128906,411
2022-12-07,25253.533203,25516.601563,24236.376953,25469.609375,25469.609375,9637
2022-12-08,25469.609375,28073.246094,25442.986328,27901.554688,27901.554688,46753
2022-12-09,27901.554688,28314.496094,27550.478516,28168.958984,28168.958984,1193
2022-12-10,28168.958984,28291.064453,26581.212891,26633.568359,26633.568359,8856
2022-12-11,26633.568359,26983.003906,26476.949219,26558.574219,26558.574219,0
2022-12-12,26558.574219,26558.574219,26558.531250,26558.531250,26558.531250,0
2022-12-13,26558.531250,28113.521484,25830.068359,27648.462891,27648.462891,1534
2022-12-14,27657.710938,28927.136719,26779.013672,27808.027344,27808.027344,57014
2022-12-15,27832.675781,27882.621094,26339.996094,26442.333984,26442.333984,6781
2022-12-16,26446.435547,26724.376953,24410.291016,24606.175781,24606.175781,1213
2022-12-17,24594.564453,25035.753906,24269.416016,24569.216797,24569.216797,568
2022-12-18,24574.646484,25186.460938,24209.654297,24959.251953,24959.251953,9015
2022-12-19,24959.251953,25675.949219,24300.203125,25397.603516,25397.603516,10781
2022-12-20,25397.603516,26931.513672,25334.884766,26417.205078,26417.205078,4771
2022-12-21,26429.005859,26602.833984,26160.998047,26497.843750,26497.843750,631
2022-12-22,26510.392578,26702.933594,18408.615234,25263.109375,25263.109375,108359
2022-12-23,25241.052734,25473.250000,25081.410156,25121.705078,25121.705078,22
2022-12-24,25115.751953,25243.207031,25012.107422,25133.125000,25133.125000,0
2022-12-25,25133.125000,25155.312500,24740.443359,25063.550781,25063.550781,63
2022-12-26,25086.082031,25850.158203,25010.273438,25826.152344,25826.152344,1121
2022-12-27,25822.787109,25931.072266,25327.787109,25491.960938,25491.960938,0
2022-12-28,25488.603516,25492.554688,25488.603516,25492.554688,25492.554688,0
2022-12-29,25492.554688,25492.554688,24505.488281,24817.052734,24817.052734,2357
2022-12-30,24817.052734,24840.572266,23528.498047,23627.388672,23627.388672,2770
2022-12-31,23644.472656,25251.267578,23509.591797,25170.566406,25170.566406,8825
2023-01-01,25186.353516,25254.171875,23618.855469,23626.738281,23626.738281,8116
2023-01-02,23626.738281,24031.330078,23213.164063,23222.951172,23222.951172,5233
2023-01-03,23213.445313,23328.621094,23061.365234,23238.466797,23238.466797,0
2023-01-04,23238.466797,25159.767578,23225.716797,24970.345703,24970.345703,1205
2023-01-05,24957.406250,26580.939453,24560.794922,26481.150391,26481.150391,11552
2023-01-06,26474.527344,27130.439453,26295.173828,27021.488281,27021.488281,515
2023-01-07,27039.482422,27053.248047,26355.423828,26380.707031,26380.707031,264
2023-01-08,26399.142578,26948.000000,26297.378906,26948.000000,26948.000000,227
2023-01-09,26841.660156,28029.767578,26814.318359,27538.410156,27538.410156,0
2023-01-10,27560.287109,27933.964844,26798.562500,27751.708984,27751.708984,16745
2023-01-11,27751.708984,28896.468750,27471.208984,28882.486328,28882.486328,0
2023-01-12,28864.351563,28864.351563,28864.351563,28864.351563,28864.351563,0
2023-01-13,28864.351563,28864.351563,28864.351563,28864.351563,28864.351563,0
2023-01-14,28864.351563,33163.171875,28864.351563,32445.462891,32445.462891,1730
2023-01-15,32453.355469,33104.070313,31765.958984,31983.029297,31983.029297,6812
2023-01-16,31983.029297,32905.039063,31437.109375,32466.789063,32466.789063,0
2023-01-17,32466.789063,32466.789063,32458.132813,32458.132813,32458.132813,0
2023-01-18,32458.132813,32458.132813,31870.875000,31903.998047,31903.998047,14668
2023-01-19,31935.201172,32600.408203,31710.642578,32286.750000,32286.750000,139
2023-01-20,32293.429688,36352.183594,32068.859375,35874.757813,35874.757813,44029
2023-01-21,35890.875000,36056.109375,34393.449219,34403.843750,34403.843750,3335
2023-01-22,34428.964844,35172.777344,33312.945313,33694.207031,33694.207031,4719
2023-01-23,33673.886719,34050.027344,33043.023438,33681.839844,33681.839844,0
2023-01-24,33665.437500,33665.437500,31916.013672,32075.476563,32075.476563,547
2023-01-25,32077.517578,35817.683594,31447.328125,35306.707031,35306.707031,16577
2023-01-26,35328.355469,35870.039063,35045.445313,35449.207031,35449.207031,2101
2023-01-27,35430.441406,37429.203125,35032.128906,37257.121094,37257.121094,15572
2023-01-28,37246.546875,37432.230469,35676.687500,35957.214844,35957.214844,2216
2023-01-29,35957.214844,36928.605469,35831.863281,36792.242188,36792.242188,0
2023-01-30,36792.242188,36792.242188,34945.304688,35515.664063,35515.664063,1052
2023-01-31,35504.468750,37980.703125,35400.757813,37608.476563,37608.476563,13442
2023-02-01,37587.136719,39241.964844,37429.167969,39123.378906,39123.378906,225
2023-02-02,39122.261719,40361.652344,34026.054688,34026.054688,34026.054688,32669
2023-02-03,34038.863281,36530.804688,33805.664063,36448.535156,36448.535156,0
2023-02-04,36450.488281,36453.667969,34277.011719,34351.453125,34351.453125,652
2023-02-05,34386.250000,34516.964844,32820.773438,33503.687500,33503.687500,3803
2023-02-06,33506.480469,34137.597656,33125.988281,33315.105469,33315.105469,382
2023-02-07,33292.031250,35269.468750,33241.656250,35063.429688,35063.429688,9203
2023-02-08,35078.960938,35593.289063,34202.507813,34568.429688,34568.429688,294
2023-02-09,34596.464844,34653.667969,30907.509766,31206.154297,31206.154297,16430
2023-02-10,31204.152344,32002.974609,30238.888672,30538.613281,30538.613281,1239
2023-02-11,30536.343750,32796.679688,30414.863281,32725.496094,32725.496094,13463
2023-02-12,32713.318359,32724.664063,31641.580078,32024.675781,32024.675781,101
2023-02-13,32045.925781,32242.439453,30959.529297,31852.128906,31852.128906,28
2023-02-14,31868.296875,33026.988281,31608.861328,32903.656250,32903.656250,254
2023-02-15,32892.199219,35518.531250,32373.312500,35474.324219,35474.324219,12321
2023-02-16,35490.968750,36712.460938,30135.072266,34936.816406,34936.816406,110684
2023-02-17,34998.359375,35554.410156,33480.386719,34386.183594,34386.183594,272
2023-02-18,34386.183594,34984.582031,33926.277344,34160.187500,34160.187500,6107
2023-02-19,34175.703125,34824.281250,33613.996094,33805.484375,33805.484375,2863
2023-02-20,33829.968750,33941.808594,31512.468750,32039.976563,32039.976563,5164
2023-02-21,32038.160156,32303.048828,30836.519531,31221.724609,31221.724609,2
2023-02-22,31203.839844,31360.189453,30120.335938,30955.798828,30955.798828,0
2023-02-23,30972.339844,31596.550781,30347.912109,30532.248047,30532.248047,1078
2023-02-24,30532.248047,30748.566406,29796.517578,30042.816406,30042.816406,2622
2023-02-25,30042.816406,30271.173828,29528.556641,30187.501953,30187.501953,2
2023-02-26,30186.751953,30520.658203,29575.060547,30411.681641,30411.681641,175
2023-02-27,30398.566406,30896.605469,29441.613281,30896.605469,30896.605469,10063
2023-02-28,30911.935547,31403.886719,30406.005859,30511.212891,30511.212891,4423
2023-03-01,30512.673828,31336.998047,30397.085938,31302.152344,31302.152344,770
2023-03-02,31298.142578,33684.644531,31298.142578,33550.386719,33550.386719,9852
2023-03-03,33540.437500,33583.000000,31247.115234,32028.957031,32028.957031,839
2023-03-04,32033.078125,32309.974609,31745.953125,32032.083984,32032.083984,157
2023-03-05,32028.138672,32160.423828,30967.851563,31075.531250,31075.531250,2563
2023-03-06,31072.507813,31692.615234,30910.429688,31393.429688,31393.429688,84
2023-03-07,31404.792969,31695.960938,31325.990234,31344.865234,31344.865234,0
2023-03-08,31344.865234,32232.429688,31001.123047,31642.210938,31642.210938,5874
2023-03-09,31656.986328,32037.707031,28867.927734,29360.267578,29360.267578,619
2023-03-10,29374.445313,29519.042969,28208.810547,29449.615234,29449.615234,4613
2023-03-11,29449.570313,32002.050781,26157.001953,27428.810547,27428.810547,15547
2023-03-12,27414.525391,27479.392578,26945.601563,27026.171875,27026.171875,0
2023-03-13,27026.171875,37642.910156,27026.171875,36797.464844,36797.464844,47624
2023-03-14,36822.816406,40244.609375,36720.820313,38468.765625,38468.765625,15688
2023-03-15,38474.636719,45558.230469,37547.441406,45370.246094,45370.246094,65130
2023-03-16,45350.035156,46132.660156,40998.644531,45202.257813,45202.257813,46997
2023-03-17,45254.351563,49377.609375,44963.601563,47049.371094,47049.371094,62795
2023-03-18,47074.707031,48166.917969,45616.386719,45862.507813,45862.507813,11689
2023-03-19,45862.507813,48040.164063,45339.191406,45339.191406,45339.191406,5523
2023-03-20,45357.488281,45845.742188,41799.546875,41926.105469,41926.105469,23687
2023-03-21,41938.593750,43938.804688,41747.500000,43129.777344,43129.777344,6356
2023-03-22,43149.128906,45218.179688,41926.707031,42525.269531,42525.269531,42884
2023-03-23,42530.285156,42542.738281,42530.285156,42542.738281,42542.738281,0
2023-03-24,42542.738281,42542.738281,42542.738281,42542.738281,42542.738281,0
2023-03-25,42542.738281,42995.140625,41907.300781,42497.707031,42497.707031,506
2023-03-26,42501.781250,44539.773438,42501.781250,43284.578125,43284.578125,2448
2023-03-27,43292.421875,43999.312500,42050.214844,42691.742188,42691.742188,216
2023-03-28,42691.742188,47269.550781,42405.136719,45548.750000,45548.750000,22732
2023-03-29,45537.468750,47403.328125,45534.015625,46567.160156,46567.160156,9
2023-03-30,46593.945313,46593.945313,44195.953125,44824.902344,44824.902344,8113
2023-03-31,44819.414063,45416.449219,43937.121094,44901.128906,44901.128906,400
2023-04-01,44904.984375,47277.976563,44623.312500,46974.152344,46974.152344,16396
2023-04-02,47133.132813,47196.257813,44261.355469,44622.269531,44622.269531,18672
2023-04-03,44618.921875,44844.855469,43230.078125,44183.539063,44183.539063,974
2023-04-04,44183.539063,44183.539063,44182.917969,44182.917969,44182.917969,0
2023-04-05,44182.917969,45852.976563,44182.917969,45707.519531,45707.519531,8158
2023-04-06,45700.105469,45744.859375,44492.855469,44722.007813,44722.007813,0
2023-04-07,44722.007813,44998.636719,43685.546875,44007.496094,44007.496094,1754
2023-04-08,43982.273438,44272.906250,43764.589844,44047.796875,44047.796875,0
2023-04-09,44047.796875,44047.796875,42879.613281,43615.312500,43615.312500,1664
2023-04-10,43592.468750,44706.539063,43131.902344,44570.617188,44570.617188,6482
2023-04-11,44567.976563,44589.753906,44567.976563,44589.753906,44589.753906,0
2023-04-12,44589.753906,44864.542969,43224.648438,43305.507813,43305.507813,13096
2023-04-13,44648.652344,45546.804688,43124.718750,45406.812500,45406.812500,12524
2023-04-14,45406.812500,45431.261719,45406.812500,45431.261719,45431.261719,0
2023-04-15,45431.261719,45431.261719,45431.261719,45431.261719,45431.261719,0
2023-04-16,45431.261719,45431.261719,45431.261719,45431.261719,45431.261719,0
2023-04-17,45431.261719,47305.789063,45431.261719,45740.167969,45740.167969,5722
2023-04-18,45751.199219,46769.609375,45376.187500,46713.535156,46713.535156,0
2023-04-19,46713.535156,46713.535156,39647.847656,39875.289063,39875.289063,63098
2023-04-20,39875.289063,40642.652344,39215.718750,40475.800781,40475.800781,1884
2023-04-21,40426.503906,40715.113281,36327.378906,36598.085938,36598.085938,7834
2023-04-22,36598.085938,36773.894531,33997.890625,34581.386719,34581.386719,7173
2023-04-23,34581.386719,34581.386719,34581.386719,34581.386719,34581.386719,0
2023-04-24,34581.386719,34581.386719,34581.386719,34581.386719,34581.386719,0
2023-04-25,34581.386719,34581.386719,34581.386719,34581.386719,34581.386719,0
2023-04-26,34581.386719,34611.371094,33580.906250,34373.226563,34373.226563,40
2023-04-27,34374.410156,35714.183594,34340.187500,35216.652344,35216.652344,95
2023-04-28,35215.332031,35488.878906,35129.335938,35148.652344,35148.652344,0
2023-04-29,35148.652344,35148.652344,35148.652344,35148.652344,35148.652344,0
2023-04-30,35148.652344,36120.269531,35068.210938,35068.210938,35068.210938,672
2023-05-01,35022.808594,36131.578125,34841.062500,35225.070313,35225.070313,2040
2023-05-02,35228.894531,35228.894531,35228.894531,35228.894531,35228.894531,0
2023-05-03,35228.894531,35228.894531,33084.519531,34133.671875,34133.671875,27560
2023-05-04,34130.628906,34134.722656,34130.628906,34134.722656,34134.722656,0
2023-05-05,34134.722656,34134.722656,34134.722656,34134.722656,34134.722656,0
2023-05-06,34134.722656,34134.722656,34134.722656,34134.722656,34134.722656,0
2023-05-07,34134.722656,35513.597656,34134.722656,34453.804688,34453.804688,1115
2023-05-08,34454.042969,34454.042969,33416.433594,33946.656250,33946.656250,3835
2023-05-09,33946.656250,34063.976563,33672.660156,33961.183594,33961.183594,0
2023-05-10,33961.183594,33961.183594,32053.248047,32511.539063,32511.539063,7107
2023-05-11,32518.406250,32562.201172,30676.595703,30995.460938,30995.460938,1558
2023-05-12,30986.029297,31098.494141,30057.388672,30470.646484,30470.646484,0
2023-05-13,30470.646484,30670.777344,30343.916016,30451.248047,30451.248047,5018
2023-05-14,30444.851563,30444.851563,30444.851563,30444.851563,30444.851563,0
2023-05-15,30444.851563,31600.328125,30444.851563,31128.828125,31128.828125,27
2023-05-16,31151.361328,31151.361328,31151.361328,31151.361328,31151.361328,0
2023-05-17,31151.361328,31151.361328,31151.361328,31151.361328,31151.361328,0
2023-05-18,31151.361328,31593.523438,30546.468750,31319.587891,31319.587891,828
2023-05-19,31323.966797,32268.878906,31264.558594,32035.250000,32035.250000,984
2023-05-20,32057.953125,32057.953125,31733.056641,31800.904297,31800.904297,660
2023-05-21,31804.468750,31940.378906,31479.759766,31734.279297,31734.279297,443
2023-05-22,31732.095703,31994.962891,31540.751953,31896.255859,31896.255859,0
2023-05-23,31896.255859,31896.255859,31896.255859,31896.255859,31896.255859,0
2023-05-24,31896.255859,31896.255859,31896.255859,31896.255859,31896.255859,0
2023-05-25,31896.255859,31896.255859,31896.255859,31896.255859,31896.255859,0
2023-05-26,31896.255859,40962.781250,31837.900391,40868.078125,40868.078125,36783
2023-05-27,40869.812500,41593.140625,40773.871094,41532.859375,41532.859375,3061
2023-05-28,41535.687500,43569.476563,41426.234375,43483.562500,43483.562500,1582
2023-05-29,43479.460938,43813.753906,43131.644531,43315.371094,43315.371094,0
2023-05-30,43315.371094,44067.496094,43315.371094,43702.929688,43702.929688,2430
2023-05-31,43709.574219,43709.574219,41754.894531,42162.433594,42162.433594,5296
2023-06-01,42164.300781,42459.250000,41526.531250,41676.511719,41676.511719,632
2023-06-02,41664.484375,42781.402344,41658.792969,42727.839844,42727.839844,1492
2023-06-03,42729.230469,42773.585938,42215.351563,42284.023438,42284.023438,513
2023-06-04,42268.285156,42636.687500,42141.675781,42534.144531,42534.144531,0
2023-06-05,42534.144531,42534.144531,40040.300781,40318.082031,40318.082031,861
2023-06-06,40318.578125,40776.609375,39989.953125,40515.718750,40515.718750,16338
2023-06-07,40522.089844,40742.523438,39711.910156,40213.046875,40213.046875,0
2023-06-08,40213.046875,40213.046875,40213.046875,40213.046875,40213.046875,0
2023-06-09,40213.046875,40213.046875,39359.906250,39586.949219,39586.949219,37
2023-06-10,39582.390625,39669.914063,36541.628906,36547.644531,36547.644531,14243
2023-06-11,36549.023438,36676.488281,35496.988281,35701.609375,35701.609375,6982
2023-06-12,35713.000000,35735.625000,30843.019531,31031.496094,31031.496094,18376
2023-06-13,31031.496094,31440.517578,30834.933594,31294.763672,31294.763672,2893
2023-06-14,31294.804688,31466.107422,31294.804688,31432.759766,31432.759766,0
2023-06-15,31432.759766,32505.240234,29106.621094,32297.953125,32297.953125,37954
2023-06-16,32299.601563,32621.972656,31245.480469,32456.189453,32456.189453,2
2023-06-17,32453.296875,33247.503906,32414.837891,32869.242188,32869.242188,0
2023-06-18,32869.242188,33422.988281,32723.144531,32774.917969,32774.917969,19076
2023-06-19,32774.917969,32906.054688,31205.998047,31744.818359,31744.818359,3515
2023-06-20,31767.951172,32932.757813,31135.582031,32920.035156,32920.035156,5529
2023-06-21,32918.667969,32918.667969,32918.667969,32918.667969,32918.667969,0
2023-06-22,32918.667969,34720.898438,32918.667969,33413.710938,33413.710938,1119
2023-06-23,33418.519531,33650.175781,33287.449219,33525.121094,33525.121094,0
2023-06-24,33525.121094,33525.121094,32628.667969,32758.398438,32758.398438,5274
2023-06-25,32753.269531,33958.980469,32676.437500,33492.062500,33492.062500,28
2023-06-26,33490.871094,33490.871094,32463.462891,32750.548828,32750.548828,2
2023-06-27,32754.904297,36196.824219,32720.345703,35560.761719,35560.761719,31385
2023-06-28,35563.714844,35563.714844,34135.640625,35037.425781,35037.425781,0
2023-06-29,35037.425781,35532.507813,31617.802734,31626.994141,31626.994141,9813
2023-06-30,31615.695313,33802.425781,31440.097656,33667.109375,33667.109375,5552
2023-07-01,33670.941406,33816.980469,33274.960938,33479.679688,33479.679688,0
2023-07-02,33479.679688,33479.679688,32696.695313,33148.140625,33148.140625,245
2023-07-03,33151.660156,33387.820313,32320.289063,32332.958984,32332.958984,4567
2023-07-04,32331.560547,33318.265625,32084.480469,32878.105469,32878.105469,7414
2023-07-05,32878.105469,32878.105469,30023.185547,30240.751953,30240.751953,11403
2023-07-06,30241.855469,30951.271484,29241.478516,29241.478516,29241.478516,8536
2023-07-07,29239.396484,29472.103516,28975.464844,29428.652344,29428.652344,0
2023-07-08,29428.652344,31542.378906,29428.652344,30844.855469,30844.855469,6077
2023-07-09,30844.855469,30991.515625,30831.605469,30922.792969,30922.792969,0
2023-07-10,30922.792969,31493.867188,30922.792969,31106.191406,31106.191406,95
2023-07-11,31106.191406,31248.449219,30888.062500,30908.216797,30908.216797,0
2023-07-12,30908.216797,31394.572266,30850.671875,30939.708984,30939.708984,634
2023-07-13,30939.273438,32230.589844,30939.273438,32205.882813,32205.882813,5201
2023-07-14,32218.017578,32444.509766,31900.714844,31988.291016,31988.291016,0
2023-07-15,31988.291016,31988.291016,31146.683594,31177.500000,31177.500000,19
2023-07-16,31179.341797,32247.763672,30557.156250,30590.496094,30590.496094,8400
2023-07-17,30577.875000,31341.955078,30017.349609,31237.994141,31237.994141,8063
2023-07-18,31230.277344,31314.250000,30954.976563,30966.216797,30966.216797,0
2023-07-19,30966.216797,30966.216797,30052.033203,30146.128906,30146.128906,458
2023-07-20,30149.039063,30865.205078,29995.755859,30805.751953,30805.751953,4791
2023-07-21,30802.970703,30941.996094,29694.521484,29761.933594,29761.933594,3970
2023-07-22,29755.726563,29816.822266,29646.234375,29680.375000,29680.375000,0
2023-07-23,29680.375000,30139.123047,29013.837891,29900.681641,29900.681641,5384
2023-07-24,29885.203125,29930.013672,29153.138672,29317.041016,29317.041016,0
2023-07-25,29317.041016,29343.244141,29182.029297,29235.558594,29235.558594,333
2023-07-26,29253.193359,29832.105469,29174.748047,29573.996094,29573.996094,266
2023-07-27,29575.636719,29575.636719,29575.636719,29575.636719,29575.636719,0
2023-07-28,29575.636719,29575.636719,28512.330078,28700.722656,28700.722656,3848
2023-07-29,28702.037109,28716.908203,28616.054688,28641.126953,28641.126953,0
2023-07-30,28641.126953,28778.802734,28054.607422,28181.042969,28181.042969,1835
2023-07-31,28173.705078,28198.171875,27650.183594,27716.859375,27716.859375,1109
2023-08-01,27717.132813,27899.798828,27531.716797,27899.798828,27899.798828,82
2023-08-02,27898.908203,27968.201172,27075.302734,27208.931641,27208.931641,327
2023-08-03,27208.931641,27278.720703,27024.277344,27142.718750,27142.718750,0
2023-08-04,27142.718750,27142.718750,27142.718750,27142.718750,27142.718750,0
2023-08-05,27142.718750,27142.718750,27142.718750,27142.718750,27142.718750,0
2023-08-06,27142.718750,27142.718750,27142.718750,27142.718750,27142.718750,0
2023-08-07,27142.718750,27142.718750,27142.718750,27142.718750,27142.718750,0
2023-08-08,27142.718750,29486.724609,27142.718750,29252.931641,29252.931641,5707
2023-08-09,29239.121094,29245.386719,29239.121094,29245.386719,29245.386719,0
2023-08-10,29245.386719,29245.386719,29066.988281,29145.587891,29145.587891,29
2023-08-11,29145.015625,29170.943359,29025.298828,29106.291016,29106.291016,0
2023-08-12,29106.291016,29106.291016,29106.291016,29106.291016,29106.291016,0
2023-08-13,29106.291016,29401.179688,29049.013672,29097.316406,29097.316406,266
2023-08-14,29094.021484,29094.021484,29094.021484,29094.021484,29094.021484,0
2023-08-15,29094.021484,29094.021484,28504.261719,28637.980469,28637.980469,517
2023-08-16,28637.275391,28637.275391,28634.009766,28634.009766,28634.009766,0
2023-08-17,28634.009766,28634.009766,26857.298828,27565.552734,27565.552734,3335
2023-08-18,27565.552734,27768.335938,27268.089844,27582.330078,27582.330078,0
2023-08-19,27582.330078,28893.333984,27582.330078,28495.806641,28495.806641,1001
2023-08-20,28499.916016,28499.916016,28497.953125,28497.953125,28497.953125,0
2023-08-21,28497.953125,28695.187500,28229.943359,28488.697266,28488.697266,33
2023-08-22,28492.755859,28499.404297,26056.757813,26695.542969,26695.542969,8062
2023-08-23,26695.542969,27010.902344,26649.902344,26847.955078,26847.955078,0
2023-08-24,26847.955078,26847.955078,26847.955078,26847.955078,26847.955078,0
2023-08-25,26847.955078,26847.955078,26847.955078,26847.955078,26847.955078,0
2023-08-26,26847.955078,26847.955078,26847.955078,26847.955078,26847.955078,0
2023-08-27,26847.955078,26847.955078,26847.955078,26847.955078,26847.955078,0
2023-08-28,26847.955078,26847.955078,26847.955078,26847.955078,26847.955078,0
2023-08-29,26847.955078,29374.259766,26847.955078,29161.347656,29161.347656,896
2023-08-30,29160.201172,30541.355469,29160.201172,30270.677734,30270.677734,5526
2023-08-31,30265.810547,30536.851563,30125.914063,30442.427734,30442.427734,0
2023-09-01,30442.427734,30442.427734,28933.115234,29361.734375,29361.734375,804
2023-09-02,29362.023438,29484.896484,29346.281250,29455.251953,29455.251953,0
2023-09-03,29455.251953,29523.417969,29219.958984,29370.275391,29370.275391,805
2023-09-04,29371.468750,29492.789063,29291.650391,29313.027344,29313.027344,0
2023-09-05,29313.027344,29313.027344,29313.027344,29313.027344,29313.027344,0
2023-09-06,29313.027344,29393.671875,28683.685547,29023.851563,29023.851563,519
2023-09-07,29015.316406,29016.519531,29015.316406,29016.519531,29016.519531,0
2023-09-08,29016.519531,29016.519531,25653.330078,26493.876953,26493.876953,48650
2023-09-09,26493.031250,26942.539063,26448.886719,26914.457031,26914.457031,131
2023-09-10,26913.857422,26979.794922,26494.435547,26537.566406,26537.566406,481
2023-09-11,26537.578125,26547.437500,25962.191406,26033.494141,26033.494141,0
2023-09-12,26033.494141,27448.904297,26033.494141,27031.550781,27031.550781,4243
2023-09-13,27031.550781,27034.644531,24345.761719,25132.554688,25132.554688,45204
2023-09-14,25130.507813,26248.126953,25130.507813,26023.015625,26023.015625,1252
2023-09-15,26023.138672,26161.007813,25925.822266,25925.822266,25925.822266,0
2023-09-16,25925.822266,27462.250000,25925.822266,27365.574219,27365.574219,2182
2023-09-17,27365.574219,27365.574219,27365.109375,27365.109375,27365.109375,0
2023-09-18,27365.109375,27365.109375,27365.109375,27365.109375,27365.109375,0
2023-09-19,27365.109375,27365.109375,27365.109375,27365.109375,27365.109375,0
2023-09-20,27365.109375,27365.109375,27365.109375,27365.109375,27365.109375,0
2023-09-21,27365.109375,27365.109375,26458.753906,26654.943359,26654.943359,249
2023-09-22,26653.306641,26653.306641,26650.916016,26650.916016,26650.916016,0
2023-09-23,26650.916016,26650.916016,26650.916016,26650.916016,26650.916016,0
2023-09-24,26650.916016,26650.916016,26650.916016,26650.916016,26650.916016,0
2023-09-25,26650.916016,26805.242188,26306.044922,26694.402344,26694.402344,541
2023-09-26,26695.316406,26695.316406,26694.218750,26694.218750,26694.218750,0
2023-09-27,26694.218750,26694.218750,26694.218750,26694.218750,26694.218750,0
2023-09-28,26694.218750,27919.923828,26694.218750,27716.691406,27716.691406,111
2023-09-29,27714.347656,27715.888672,27714.347656,27715.888672,27715.888672,0
2023-09-30,27715.888672,27715.888672,27715.888672,27715.888672,27715.888672,0
2023-10-01,27715.888672,30352.171875,27715.888672,30332.058594,30332.058594,3794
2023-10-02,30330.820313,30983.730469,30330.820313,30945.367188,30945.367188,5526
2023-10-03,30941.523438,31048.238281,30717.841797,30790.037109,30790.037109,0
2023-10-04,30790.037109,30790.037109,30790.037109,30790.037109,30790.037109,0
2023-10-05,30790.037109,30790.037109,30790.037109,30790.037109,30790.037109,0
2023-10-06,30790.037109,30790.037109,30790.037109,30790.037109,30790.037109,0
2023-10-07,30790.037109,30790.037109,30418.748047,30479.046875,30479.046875,130
2023-10-08,30485.375000,30485.375000,30485.375000,30485.375000,30485.375000,0
2023-10-09,30485.375000,30485.375000,30485.375000,30485.375000,30485.375000,0
2023-10-10,30485.375000,30485.375000,30485.375000,30485.375000,30485.375000,0
2023-10-11,30485.375000,30485.375000,30485.375000,30485.375000,30485.375000,0
2023-10-12,30485.375000,30485.375000,28250.005859,28439.830078,28439.830078,423
2023-10-13,28440.580078,29058.302734,28424.308594,28661.195313,28661.195313,29
2023-10-14,28661.195313,28661.195313,28657.984375,28657.984375,28657.984375,0
2023-10-15,28657.984375,28657.984375,28657.984375,28657.984375,28657.984375,0
2023-10-16,28657.984375,32014.375000,28657.984375,31436.484375,31436.484375,3401
2023-10-17,31436.484375,31436.484375,30542.041016,30725.960938,30725.960938,1024
2023-10-18,30725.960938,31109.787109,30710.365234,31032.228516,31032.228516,0
2023-10-19,31032.228516,31327.593750,31032.228516,31313.445313,31313.445313,1011
2023-10-20,31314.611328,32540.533203,31239.289063,31794.533203,31794.533203,517
2023-10-21,31794.890625,33493.578125,31587.689453,32915.250000,32915.250000,21065
2023-10-22,32913.644531,33650.570313,32800.875000,33580.515625,33580.515625,2657
2023-10-23,33846.968750,35105.644531,31885.306641,34542.542969,34542.542969,18910
2023-10-24,34542.542969,36157.437500,34446.070313,35692.707031,35692.707031,4994
2023-10-25,35279.164063,35675.433594,34124.511719,34595.312500,34595.312500,2179
2023-10-26,34595.492188,34860.832031,33939.394531,34668.343750,34668.343750,428
2023-10-27,34672.574219,34680.308594,34128.750000,34252.605469,34252.605469,0
2023-10-28,34252.605469,35044.570313,34252.605469,34606.300781,34606.300781,847
2023-10-29,34607.125000,35708.234375,34538.558594,35448.164063,35448.164063,1738
2023-10-30,35450.011719,37381.343750,35442.777344,36425.406250,36425.406250,7795
2023-10-31,36423.039063,36602.535156,35597.253906,36202.406250,36202.406250,893
2023-11-01,36202.527344,36966.031250,35584.035156,36765.093750,36765.093750,1416
2023-11-02,36766.054688,38122.640625,35533.054688,37540.605469,37540.605469,30758
2023-11-03,37535.046875,37582.214844,34766.019531,34866.941406,34866.941406,6366
2023-11-04,34874.570313,35134.503906,34751.648438,34990.093750,34990.093750,0
2023-11-05,34990.093750,34990.093750,34990.093750,34990.093750,34990.093750,0
2023-11-06,34990.093750,36138.695313,34990.093750,36016.621094,36016.621094,212
2023-11-07,36015.929688,36090.160156,34396.140625,35026.589844,35026.589844,1459
2023-11-08,35025.992188,35029.523438,35025.992188,35029.523438,35029.523438,0
2023-11-09,35029.523438,35029.523438,35029.523438,35029.523438,35029.523438,0
2023-11-10,35029.523438,35029.523438,35029.523438,35029.523438,35029.523438,0
2023-11-11,35029.523438,38282.273438,35029.523438,37603.535156,37603.535156,5684
2023-11-12,37608.695313,38270.171875,37040.730469,37895.800781,37895.800781,20
2023-11-13,37903.523438,37908.269531,36571.812500,36848.324219,36848.324219,9718
2023-11-14,36829.535156,36962.906250,36387.042969,36412.660156,36412.660156,0
2023-11-15,36412.660156,37667.437500,36066.382813,36246.386719,36246.386719,7767
2023-11-16,36234.078125,36741.300781,35876.085938,36400.582031,36400.582031,0
2023-11-17,36400.582031,36400.582031,36400.582031,36400.582031,36400.582031,0
2023-11-18,36400.582031,36400.582031,36400.582031,36400.582031,36400.582031,0
2023-11-19,36400.582031,36400.582031,36400.582031,36400.582031,36400.582031,0
2023-11-20,36400.582031,38752.015625,36400.582031,38227.222656,38227.222656,10930
2023-11-21,38228.796875,38423.429688,37882.503906,37888.308594,37888.308594,0
2023-11-22,37888.308594,40687.429688,37888.308594,40215.558594,40215.558594,2036
2023-11-23,40213.910156,40630.292969,39821.058594,40197.167969,40197.167969,198
2023-11-24,40202.421875,40708.703125,39511.320313,39684.093750,39684.093750,1591
2023-11-25,39679.191406,39879.972656,39473.453125,39507.203125,39507.203125,0
2023-11-26,39507.203125,39507.203125,39507.203125,39507.203125,39507.203125,0
2023-11-27,39507.203125,39507.203125,39507.203125,39507.203125,39507.203125,0
2023-11-28,39507.203125,39507.203125,37479.226563,38443.449219,38443.449219,1202
2023-11-29,38428.828125,38428.828125,38426.167969,38426.167969,38426.167969,0
2023-11-30,38426.167969,38426.167969,38426.167969,38426.167969,38426.167969,0
2023-12-01,38426.167969,38426.167969,38426.167969,38426.167969,38426.167969,0
2023-12-02,38426.167969,38426.167969,38426.167969,38426.167969,38426.167969,0
2023-12-03,38426.167969,43444.093750,38426.167969,43055.117188,43055.117188,3596
2023-12-04,43088.789063,44703.957031,43088.789063,44703.957031,44703.957031,1199
2023-12-05,44709.332031,46771.023438,44519.597656,46629.917969,46629.917969,3378
2023-12-06,46617.625000,46617.625000,46603.917969,46603.917969,46603.917969,0
2023-12-07,46603.917969,49331.015625,45294.679688,48889.984375,48889.984375,14333
2023-12-08,48891.296875,49541.480469,48513.890625,48859.460938,48859.460938,509
2023-12-09,48858.445313,48866.640625,47395.785156,47505.167969,47505.167969,4906
2023-12-10,47506.078125,47658.343750,46032.171875,46108.121094,46108.121094,4727
2023-12-11,46110.207031,46150.527344,43576.347656,44094.285156,44094.285156,0
2023-12-12,44094.285156,44094.285156,42092.417969,42561.335938,42561.335938,1175
2023-12-13,42557.097656,44341.910156,41554.949219,43959.464844,43959.464844,488
2023-12-14,43957.402344,45469.531250,43898.628906,45191.460938,45191.460938,1575
2023-12-15,45199.699219,45206.929688,44061.679688,44357.105469,44357.105469,0
2023-12-16,44357.105469,44357.105469,40286.507813,40364.328125,40364.328125,6764
2023-12-17,40384.578125,40738.457031,39855.839844,39895.199219,39895.199219,820
2023-12-18,39897.566406,40297.757813,38500.902344,40235.546875,40235.546875,2
2023-12-19,40228.179688,40229.148438,39038.730469,39727.000000,39727.000000,409
2023-12-20,39725.179688,40525.992188,39615.535156,40341.074219,40341.074219,0
2023-12-21,40341.074219,41539.300781,40211.804688,40918.539063,40918.539063,130
2023-12-22,40925.019531,42844.113281,40845.679688,42594.808594,42594.808594,106
2023-12-23,42591.367188,42663.593750,39900.457031,40251.082031,40251.082031,3825
2023-12-24,40242.019531,40377.285156,39388.757813,39649.234375,39649.234375,1880
2023-12-25,39635.492188,40036.660156,39469.621094,39872.890625,39872.890625,0
2023-12-26,39872.890625,39872.890625,38861.863281,39067.929688,39067.929688,76
2023-12-27,39070.144531,40089.003906,38786.332031,39993.125000,39993.125000,0
2023-12-28,39993.125000,41734.933594,39993.125000,41163.574219,41163.574219,117
2023-12-29,41167.781250,41689.582031,40667.402344,41633.578125,41633.578125,0
2023-12-30,41633.578125,41633.578125,41633.578125,41633.578125,41633.578125,0
2023-12-31,41633.578125,41633.578125,41633.578125,41633.578125,41633.578125,0
2024-01-01,41633.578125,41633.578125,41633.578125,41633.578125,41633.578125,0
2024-01-02,41633.578125,42424.074219,41052.625000,41118.597656,41118.597656,393
2024-01-03,41123.691406,41607.242188,34125.765625,34273.687500,34273.687500,11220
2024-01-04,34275.875000,35460.804688,34223.765625,35129.640625,35129.640625,196
2024-01-05,35129.628906,35129.628906,33448.074219,34277.625000,34277.625000,1695
2024-01-06,34290.570313,34325.535156,32397.001953,32686.425781,32686.425781,4662
2024-01-07,32694.595703,32929.832031,32027.242188,32128.431641,32128.431641,631
2024-01-08,32128.693359,32393.390625,31429.986328,32393.390625,32393.390625,0
2024-01-09,32393.390625,32393.390625,32059.539063,32059.539063,32059.539063,0
2024-01-10,32059.539063,32059.539063,32059.539063,32059.539063,32059.539063,0
2024-01-11,32059.539063,32059.539063,32059.539063,32059.539063,32059.539063,0
2024-01-12,32059.539063,32059.539063,32059.539063,32059.539063,32059.539063,0
2024-01-13,32059.539063,37138.242188,32059.539063,37138.242188,37138.242188,497
2024-01-14,37138.242188,37138.242188,37138.242188,37138.242188,37138.242188,0
2024-01-15,37138.242188,37138.242188,36589.359375,36589.359375,36589.359375,101
2024-01-16,36589.359375,36589.359375,36589.359375,36589.359375,36589.359375,0
2024-01-17,36589.359375,36988.328125,36589.359375,36988.328125,36988.328125,99
2024-01-18,36988.328125,36988.328125,34362.988281,34362.988281,34362.988281,2232
2024-01-19,34362.988281,43125.117188,34362.988281,43125.117188,43125.117188,41969
2024-01-20,43125.117188,43125.117188,43125.117188,43125.117188,43125.117188,0
2024-01-21,43125.117188,44099.488281,43125.117188,43816.792969,43816.792969,716
2024-01-22,43816.792969,43816.792969,43538.757813,43538.757813,43538.757813,118
2024-01-23,43538.757813,43538.757813,37815.062500,38389.804688,38389.804688,2004
2024-01-24,null,null,null,null,null,null
2024-01-25,38045.585938,38087.511719,38045.585938,38087.511719,38087.511719,3659